49
-1
21
-0.181902602333122	-1	1	0.10000000000000001
-0.21748818796833991	-1	1	0.10000000000000001
-0.074200895107555898	-1	1	0.10000000000000001
0.25087799999999999	-1	1	0.10000000000000001
-0.28836423556126639	-1	1	0.10000000000000001
0.062008583327090021	-1	1	0.10000000000000001
-0.24418989552443071	-1	1	0.10000000000000001
0.27538204535680461	-1	1	0.10000000000000001
-0.1044688628849763	-1	1	0.10000000000000001
0.090395000000000003	-1	1	0.10000000000000001
0.097664511269697982	-1	1	0.10000000000000001
-0.44930735556039492	-1	1	0.10000000000000001
-0.00054722868374024202	-1	1	0.10000000000000001
-0.17007927965211339	-1	1	0.10000000000000001
0.56926341151966897	-1	1	0.10000000000000001
0.0097379600000000004	-1	1	0.10000000000000001
7.8199999999999997e-06	-1	1	0.10000000000000001
-0.042966988820535318	-1	1	0.10000000000000001
0.001384693379655727	-1	1	0.10000000000000001
-0.065495940577089296	-1	1	0.10000000000000001
-0.004504194459070493	-1	1	0.10000000000000001
1.1560353350744839	0	0	0	-1
-1
21
-0.073803800000000003	-1	1	0.10000000000000001
-0.21748818796833991	-1	1	0.10000000000000001
-0.074200895107555898	-1	1	0.10000000000000001
0.25087799999999999	-1	1	0.10000000000000001
-0.28836423556126639	-1	1	0.10000000000000001
0.079772071927898633	-1	1	0.10000000000000001
-0.29179900555087351	-1	1	0.10000000000000001
0.27538204535680461	-1	1	0.10000000000000001
0.037466494227769008	-1	1	0.10000000000000001
0.090395000000000003	-1	1	0.10000000000000001
-0.015411988917939811	-1	1	0.10000000000000001
-0.44930735556039492	-1	1	0.10000000000000001
-0.00054722868374024202	-1	1	0.10000000000000001
-0.17007927965211339	-1	1	0.10000000000000001
0.59670050251549522	-1	1	0.10000000000000001
-0.023252317408880219	-1	1	0.10000000000000001
7.8199999999999997e-06	-1	1	0.10000000000000001
-0.046568691617441878	-1	1	0.10000000000000001
0.001384693379655727	-1	1	0.10000000000000001
-0.01294306393695413	-1	1	0.10000000000000001
-0.004504194459070493	-1	1	0.10000000000000001
1.2474347484574977	0	1	0	-1
-1
21
-0.073803800000000003	-1	1	0.10000000000000001
-0.2782425229015687	-1	1	0.10000000000000001
-0.02944290800095338	-1	1	0.10000000000000001
0.25087799999999999	-1	1	0.10000000000000001
-0.29194589750926248	-1	1	0.10000000000000001
0.096796512980572763	-1	1	0.10000000000000001
-0.30212921446133512	-1	1	0.10000000000000001
0.27668170776720158	-1	1	0.10000000000000001
0.096041256571004374	-1	1	0.10000000000000001
-0.1186823205077088	-1	1	0.10000000000000001
-0.054651078326958799	-1	1	0.10000000000000001
-0.45438102542186898	-1	1	0.10000000000000001
-0.0667436211936413	-1	1	0.10000000000000001
-0.1473320842225502	-1	1	0.10000000000000001
0.52795527957404953	-1	1	0.10000000000000001
0.0049008639316857009	-1	1	0.10000000000000001
7.8199999999999997e-06	-1	1	0.10000000000000001
-0.051376260515192507	-1	1	0.10000000000000001
-0.00045490886247875699	-1	1	0.10000000000000001
-0.17105357671327739	-1	1	0.10000000000000001
-0.004504194459070493	-1	1	0.10000000000000001
1.2691534302103471	0	2	0	-1
-1
21
-0.069567088298648841	-1	1	0.10000000000000001
-0.21748818796833991	-1	1	0.10000000000000001
-0.06980583778369942	-1	1	0.10000000000000001
0.25087799999999999	-1	1	0.10000000000000001
-0.31333438906456268	-1	1	0.10000000000000001
0.03323760654152455	-1	1	0.10000000000000001
-0.39551366235852459	-1	1	0.10000000000000001
0.27538204535680461	-1	1	0.10000000000000001
0.06669324484677569	-1	1	0.10000000000000001
-0.078791349467822083	-1	1	0.10000000000000001
-0.01236448921027679	-1	1	0.10000000000000001
-0.44515120083337312	-1	1	0.10000000000000001
-0.00054722868374024202	-1	1	0.10000000000000001
-0.037084156878286999	-1	1	0.10000000000000001
0.52145339751820252	-1	1	0.10000000000000001
-0.2085329404385215	-1	1	0.10000000000000001
7.8199999999999997e-06	-1	1	0.10000000000000001
-0.046568691617441878	-1	1	0.10000000000000001
0.0043675697394871824	-1	1	0.10000000000000001
-0.065495940577089296	-1	1	0.10000000000000001
-0.004504194459070493	-1	1	0.10000000000000001
1.2698009065986178	0	3	0	-1
-1
21
-0.073803800000000003	-1	1	0.10000000000000001
-0.1905590871575466	-1	1	0.10000000000000001
-0.074200895107555898	-1	1	0.10000000000000001
0.25087799999999999	-1	1	0.10000000000000001
-0.31306926317514638	-1	1	0.10000000000000001
0.073543757786464811	-1	1	0.10000000000000001
-0.24418989552443071	-1	1	0.10000000000000001
0.27538204535680461	-1	1	0.10000000000000001
0.06669324484677569	-1	1	0.10000000000000001
0.090395000000000003	-1	1	0.10000000000000001
-0.01236448921027679	-1	1	0.10000000000000001
-0.44930735556039492	-1	1	0.10000000000000001
-0.00054722868374024202	-1	1	0.10000000000000001
-0.16728743237355789	-1	1	0.10000000000000001
0.49699550633295431	-1	1	0.10000000000000001
0.0097379600000000004	-1	1	0.10000000000000001
7.8199999999999997e-06	-1	1	0.10000000000000001
-0.0044319087731702336	-1	1	0.10000000000000001
0.0043675697394871824	-1	1	0.10000000000000001
-0.065495940577089296	-1	1	0.10000000000000001
-0.004504194459070493	-1	1	0.10000000000000001
1.2878640997280599	0	4	0	-1
-1
21
-0.073803800000000003	-1	1	0.10000000000000001
-0.21748818796833991	-1	1	0.10000000000000001
-0.074200895107555898	-1	1	0.10000000000000001
0.25087799999999999	-1	1	0.10000000000000001
-0.28836423556126639	-1	1	0.10000000000000001
0.03323760654152455	-1	1	0.10000000000000001
-0.37609191902123129	-1	1	0.10000000000000001
0.27538204535680461	-1	1	0.10000000000000001
0.090727590394886523	-1	1	0.10000000000000001
0.090395000000000003	-1	1	0.10000000000000001
-0.01236448921027679	-1	1	0.10000000000000001
-0.44930735556039492	-1	1	0.10000000000000001
-0.00054722868374024202	-1	1	0.10000000000000001
-0.17007927965211339	-1	1	0.10000000000000001
0.59670050251549522	-1	1	0.10000000000000001
0.0097379600000000004	-1	1	0.10000000000000001
-0.02712407802269972	-1	1	0.10000000000000001
-0.042966988820535318	-1	1	0.10000000000000001
0.001384693379655727	-1	1	0.10000000000000001
-0.065495940577089296	-1	1	0.10000000000000001
-0.004504194459070493	-1	1	0.10000000000000001
1.2895312220073807	0	5	0	-1
-1
21
-0.08342509033614548	-1	1	0.10000000000000001
-0.21748818796833991	-1	1	0.10000000000000001
-0.19847990977521729	-1	1	0.10000000000000001
0.25087799999999999	-1	1	0.10000000000000001
-0.28524774416630128	-1	1	0.10000000000000001
0.03323760654152455	-1	1	0.10000000000000001
-0.41636459286337218	-1	1	0.10000000000000001
0.27538204535680461	-1	1	0.10000000000000001
0.06669324484677569	-1	1	0.10000000000000001
0.090395000000000003	-1	1	0.10000000000000001
-0.01236448921027679	-1	1	0.10000000000000001
-0.56173511514014396	-1	1	0.10000000000000001
0.1213052489276893	-1	1	0.10000000000000001
-0.34549375288140921	-1	1	0.10000000000000001
0.59670050251549522	-1	1	0.10000000000000001
0.13282715617462459	-1	1	0.10000000000000001
-0.070795064999735868	-1	1	0.10000000000000001
-0.042966988820535318	-1	1	0.10000000000000001
-0.1352729454625862	-1	1	0.10000000000000001
-0.065495940577089296	-1	1	0.10000000000000001
-0.004504194459070493	-1	1	0.10000000000000001
1.2962442689129712	0	6	0	-1
-1
21
-0.073803800000000003	-1	1	0.10000000000000001
-0.21748818796833991	-1	1	0.10000000000000001
-0.074200895107555898	-1	1	0.10000000000000001
0.25087799999999999	-1	1	0.10000000000000001
-0.30240694737338641	-1	1	0.10000000000000001
0.03323760654152455	-1	1	0.10000000000000001
-0.24418989552443071	-1	1	0.10000000000000001
0.27990413950574722	-1	1	0.10000000000000001
0.06669324484677569	-1	1	0.10000000000000001
0.090395000000000003	-1	1	0.10000000000000001
-0.01236448921027679	-1	1	0.10000000000000001
-0.44930735556039492	-1	1	0.10000000000000001
-0.00054722868374024202	-1	1	0.10000000000000001
-0.1239579248326949	-1	1	0.10000000000000001
0.59670050251549522	-1	1	0.10000000000000001
0.0097379600000000004	-1	1	0.10000000000000001
-0.080543825963284396	-1	1	0.10000000000000001
-0.027428351484756929	-1	1	0.10000000000000001
0.0043675697394871824	-1	1	0.10000000000000001
-0.065495940577089296	-1	1	0.10000000000000001
-0.1386192022968909	-1	1	0.10000000000000001
1.3028575232557382	0	7	0	-1
-1
21
-0.073803800000000003	-1	1	0.10000000000000001
-0.18893237737291929	-1	1	0.10000000000000001
-0.074200895107555898	-1	1	0.10000000000000001
0.25087799999999999	-1	1	0.10000000000000001
-0.34271079147941053	-1	1	0.10000000000000001
0.079772071927898633	-1	1	0.10000000000000001
-0.29179900555087351	-1	1	0.10000000000000001
0.27538204535680461	-1	1	0.10000000000000001
0.071594962500565781	-1	1	0.10000000000000001
0.32484936414729909	-1	1	0.10000000000000001
-0.01236448921027679	-1	1	0.10000000000000001
-0.44930735556039492	-1	1	0.10000000000000001
-0.00054722868374024202	-1	1	0.10000000000000001
-0.17007927965211339	-1	1	0.10000000000000001
0.59670050251549522	-1	1	0.10000000000000001
0.064341059968778744	-1	1	0.10000000000000001
7.8199999999999997e-06	-1	1	0.10000000000000001
-0.046568691617441878	-1	1	0.10000000000000001
0.001384693379655727	-1	1	0.10000000000000001
-0.20692693141392721	-1	1	0.10000000000000001
-0.004504194459070493	-1	1	0.10000000000000001
1.305195189441861	0	8	0	-1
-1
21
-0.073803800000000003	-1	1	0.10000000000000001
-0.21748818796833991	-1	1	0.10000000000000001
-0.0031359466715312379	-1	1	0.10000000000000001
0.25087799999999999	-1	1	0.10000000000000001
-0.34860282439691398	-1	1	0.10000000000000001
0.12897855141875109	-1	1	0.10000000000000001
-0.2887413824214855	-1	1	0.10000000000000001
0.27538204535680461	-1	1	0.10000000000000001
0.06669324484677569	-1	1	0.10000000000000001
0.090395000000000003	-1	1	0.10000000000000001
-0.01236448921027679	-1	1	0.10000000000000001
-0.44930735556039492	-1	1	0.10000000000000001
-0.00054722868374024202	-1	1	0.10000000000000001
-0.13154947576957701	-1	1	0.10000000000000001
0.48477208107721748	-1	1	0.10000000000000001
0.072260866312205435	-1	1	0.10000000000000001
-0.052275515283078541	-1	1	0.10000000000000001
-0.046568691617441878	-1	1	0.10000000000000001
0.0043675697394871824	-1	1	0.10000000000000001
-0.065495940577089296	-1	1	0.10000000000000001
-0.004504194459070493	-1	1	0.10000000000000001
1.3140778990599424	0	9	0	-1
-1
21
-0.2099409929060001	-1	1	0.10000000000000001
-0.21748818796833991	-1	1	0.10000000000000001
-0.074200895107555898	-1	1	0.10000000000000001
0.25087799999999999	-1	1	0.10000000000000001
-0.28836423556126639	-1	1	0.10000000000000001
-0.015167142679934719	-1	1	0.10000000000000001
-0.19401815342119469	-1	1	0.10000000000000001
0.27538204535680461	-1	1	0.10000000000000001
0.06669324484677569	-1	1	0.10000000000000001
0.090395000000000003	-1	1	0.10000000000000001
-0.01236448921027679	-1	1	0.10000000000000001
-0.44930735556039492	-1	1	0.10000000000000001
-0.00054722868374024202	-1	1	0.10000000000000001
-0.20743110364346451	-1	1	0.10000000000000001
0.59670050251549522	-1	1	0.10000000000000001
0.0097379600000000004	-1	1	0.10000000000000001
7.8199999999999997e-06	-1	1	0.10000000000000001
-0.046568691617441878	-1	1	0.10000000000000001
0.001384693379655727	-1	1	0.10000000000000001
-0.065495940577089296	-1	1	0.10000000000000001
-0.004504194459070493	-1	1	0.10000000000000001
1.3160742337483258	0	10	0	-1
-1
21
-0.1101115757754763	-1	1	0.10000000000000001
-0.21748818796833991	-1	1	0.10000000000000001
-0.074200895107555898	-1	1	0.10000000000000001
0.40367391757521609	-1	1	0.10000000000000001
-0.28846233386543157	-1	1	0.10000000000000001
0.092113667991104139	-1	1	0.10000000000000001
-0.222728200244978	-1	1	0.10000000000000001
0.27538204535680461	-1	1	0.10000000000000001
0.06669324484677569	-1	1	0.10000000000000001
-0.016979591031456461	-1	1	0.10000000000000001
-0.01236448921027679	-1	1	0.10000000000000001
-0.44930735556039492	-1	1	0.10000000000000001
-0.00054722868374024202	-1	1	0.10000000000000001
0.07890868032281409	-1	1	0.10000000000000001
0.58618823523353636	-1	1	0.10000000000000001
0.14474302277928219	-1	1	0.10000000000000001
7.8199999999999997e-06	-1	1	0.10000000000000001
-0.046568691617441878	-1	1	0.10000000000000001
0.0043675697394871824	-1	1	0.10000000000000001
-0.065495940577089296	-1	1	0.10000000000000001
-0.004504194459070493	-1	1	0.10000000000000001
1.3163602297666184	0	11	0	-1
-1
21
-0.073803800000000003	-1	1	0.10000000000000001
-0.21748818796833991	-1	1	0.10000000000000001
-0.074200895107555898	-1	1	0.10000000000000001
0.25087799999999999	-1	1	0.10000000000000001
-0.21260198292976401	-1	1	0.10000000000000001
0.03323760654152455	-1	1	0.10000000000000001
-0.2887413824214855	-1	1	0.10000000000000001
0.27538204535680461	-1	1	0.10000000000000001
0.06669324484677569	-1	1	0.10000000000000001
0.090395000000000003	-1	1	0.10000000000000001
-0.01236448921027679	-1	1	0.10000000000000001
-0.44930735556039492	-1	1	0.10000000000000001
-0.00054722868374024202	-1	1	0.10000000000000001
-0.13154947576957701	-1	1	0.10000000000000001
0.59670050251549522	-1	1	0.10000000000000001
0.0097379600000000004	-1	1	0.10000000000000001
7.8199999999999997e-06	-1	1	0.10000000000000001
-0.046568691617441878	-1	1	0.10000000000000001
0.0043675697394871824	-1	1	0.10000000000000001
-0.065495940577089296	-1	1	0.10000000000000001
-0.004504194459070493	-1	1	0.10000000000000001
1.3539762099306676	0	12	0	-1
-1
21
-0.073803800000000003	-1	1	0.10000000000000001
-0.21748818796833991	-1	1	0.10000000000000001
-0.074200895107555898	-1	1	0.10000000000000001
0.25087799999999999	-1	1	0.10000000000000001
-0.2950671157432106	-1	1	0.10000000000000001
0.03323760654152455	-1	1	0.10000000000000001
-0.2225106039379976	-1	1	0.10000000000000001
0.46312391585976548	-1	1	0.10000000000000001
0.06669324484677569	-1	1	0.10000000000000001
0.090395000000000003	-1	1	0.10000000000000001
-0.01236448921027679	-1	1	0.10000000000000001
-0.58193985856265174	-1	1	0.10000000000000001
-0.00054722868374024202	-1	1	0.10000000000000001
-0.10994426183712749	-1	1	0.10000000000000001
0.59670050251549522	-1	1	0.10000000000000001
0.0097379600000000004	-1	1	0.10000000000000001
7.8199999999999997e-06	-1	1	0.10000000000000001
-0.046568691617441878	-1	1	0.10000000000000001
0.0043675697394871824	-1	1	0.10000000000000001
-0.065495940577089296	-1	1	0.10000000000000001
0.067047965571162008	-1	1	0.10000000000000001
1.3565263724957122	0	13	0	-1
-1
21
-0.073803800000000003	-1	1	0.10000000000000001
-0.21748818796833991	-1	1	0.10000000000000001
-0.074200895107555898	-1	1	0.10000000000000001
0.25087799999999999	-1	1	0.10000000000000001
-0.36835980878827213	-1	1	0.10000000000000001
-0.015167142679934719	-1	1	0.10000000000000001
-0.19401815342119469	-1	1	0.10000000000000001
0.27538204535680461	-1	1	0.10000000000000001
0.06669324484677569	-1	1	0.10000000000000001
0.090395000000000003	-1	1	0.10000000000000001
-0.01236448921027679	-1	1	0.10000000000000001
-0.44930735556039492	-1	1	0.10000000000000001
0.1238246957714596	-1	1	0.10000000000000001
-0.15142137079063289	-1	1	0.10000000000000001
0.59670050251549522	-1	1	0.10000000000000001
0.0097379600000000004	-1	1	0.10000000000000001
0.1874737100201698	-1	1	0.10000000000000001
-0.046568691617441878	-1	1	0.10000000000000001
0.001384693379655727	-1	1	0.10000000000000001
-0.065495940577089296	-1	1	0.10000000000000001
-0.004504194459070493	-1	1	0.10000000000000001
1.4314068587558419	0	14	0	-1
-1
21
-0.073803800000000003	-1	1	0.10000000000000001
-0.21748818796833991	-1	1	0.10000000000000001
-0.074200895107555898	-1	1	0.10000000000000001
0.25087799999999999	-1	1	0.10000000000000001
-0.28836423556126639	-1	1	0.10000000000000001
-0.026141934529323299	-1	1	0.10000000000000001
-0.19401815342119469	-1	1	0.10000000000000001
0.27538204535680461	-1	1	0.10000000000000001
0.06669324484677569	-1	1	0.10000000000000001
0.090395000000000003	-1	1	0.10000000000000001
-0.01236448921027679	-1	1	0.10000000000000001
-0.4764894215040002	-1	1	0.10000000000000001
-0.00054722868374024202	-1	1	0.10000000000000001
-0.15142137079063289	-1	1	0.10000000000000001
0.59670050251549522	-1	1	0.10000000000000001
0.0097379600000000004	-1	1	0.10000000000000001
7.8199999999999997e-06	-1	1	0.10000000000000001
-0.046568691617441878	-1	1	0.10000000000000001
0.001384693379655727	-1	1	0.10000000000000001
-0.065495940577089296	-1	1	0.10000000000000001
-0.004504194459070493	-1	1	0.10000000000000001
1.4736567984059386	0	15	0	-1
-1
21
-0.073803800000000003	-1	1	0.10000000000000001
-0.2782425229015687	-1	1	0.10000000000000001
-0.02944290800095338	-1	1	0.10000000000000001
0.25087799999999999	-1	1	0.10000000000000001
-0.29194589750926248	-1	1	0.10000000000000001
0.096796512980572763	-1	1	0.10000000000000001
-0.30212921446133512	-1	1	0.10000000000000001
0.27668170776720158	-1	1	0.10000000000000001
0.096041256571004374	-1	1	0.10000000000000001
0.065511605147856644	-1	1	0.10000000000000001
0.015400160511297599	-1	1	0.10000000000000001
-0.45438102542186898	-1	1	0.10000000000000001
0.001329717340393649	-1	1	0.10000000000000001
-0.1473320842225502	-1	1	0.10000000000000001
0.59670050251549522	-1	1	0.10000000000000001
0.0049008639316857009	-1	1	0.10000000000000001
0.12325643992371579	-1	1	0.10000000000000001
-0.051376260515192507	-1	1	0.10000000000000001
-0.00045490886247875699	-1	1	0.10000000000000001
-0.072053199999999998	-1	1	0.10000000000000001
0.028988921101306828	-1	1	0.10000000000000001
1.4906455151051232	0	16	0	-1
-1
21
-0.073803800000000003	-1	1	0.10000000000000001
-0.21748818796833991	-1	1	0.10000000000000001
-0.074200895107555898	-1	1	0.10000000000000001
0.25087799999999999	-1	1	0.10000000000000001
-0.28836423556126639	-1	1	0.10000000000000001
0.03323760654152455	-1	1	0.10000000000000001
-0.27629299446216837	-1	1	0.10000000000000001
0.27538204535680461	-1	1	0.10000000000000001
0.27606900365734649	-1	1	0.10000000000000001
0.090395000000000003	-1	1	0.10000000000000001
-0.01236448921027679	-1	1	0.10000000000000001
-0.44930735556039492	-1	1	0.10000000000000001
-0.00054722868374024202	-1	1	0.10000000000000001
-0.17007927965211339	-1	1	0.10000000000000001
0.48164295985088779	-1	1	0.10000000000000001
0.0097379600000000004	-1	1	0.10000000000000001
7.8199999999999997e-06	-1	1	0.10000000000000001
-0.042966988820535318	-1	1	0.10000000000000001
-0.025375767645568401	-1	1	0.10000000000000001
-0.01287673299321601	-1	1	0.10000000000000001
-0.004504194459070493	-1	1	0.10000000000000001
1.5096177073824086	0	17	0	-1
-1
21
-0.073803800000000003	-1	1	0.10000000000000001
-0.21748818796833991	-1	1	0.10000000000000001
-0.074200895107555898	-1	1	0.10000000000000001
0.25087799999999999	-1	1	0.10000000000000001
-0.28836423556126639	-1	1	0.10000000000000001
0.03323760654152455	-1	1	0.10000000000000001
-0.24418989552443071	-1	1	0.10000000000000001
0.27538204535680461	-1	1	0.10000000000000001
0.06669324484677569	-1	1	0.10000000000000001
0.090395000000000003	-1	1	0.10000000000000001
-0.01236448921027679	-1	1	0.10000000000000001
-0.44930735556039492	-1	1	0.10000000000000001
0.092338801750759703	-1	1	0.10000000000000001
-0.10394350760614129	-1	1	0.10000000000000001
0.59670050251549522	-1	1	0.10000000000000001
0.0097379600000000004	-1	1	0.10000000000000001
7.8199999999999997e-06	-1	1	0.10000000000000001
-0.042966988820535318	-1	1	0.10000000000000001
0.001384693379655727	-1	1	0.10000000000000001
-0.065495940577089296	-1	1	0.10000000000000001
-0.004504194459070493	-1	1	0.10000000000000001
1.5206821316855335	0	18	0	-1
-1
21
-0.097585657068109594	-1	1	0.10000000000000001
-0.21748818796833991	-1	1	0.10000000000000001
-0.074200895107555898	-1	1	0.10000000000000001
0.25087799999999999	-1	1	0.10000000000000001
-0.32955237618066358	-1	1	0.10000000000000001
0.03323760654152455	-1	1	0.10000000000000001
-0.24418989552443071	-1	1	0.10000000000000001
0.27538204535680461	-1	1	0.10000000000000001
0.06669324484677569	-1	1	0.10000000000000001
0.090395000000000003	-1	1	0.10000000000000001
-0.01236448921027679	-1	1	0.10000000000000001
-0.44930735556039492	-1	1	0.10000000000000001
-0.00054722868374024202	-1	1	0.10000000000000001
-0.35075348832320041	-1	1	0.10000000000000001
0.65881479502788753	-1	1	0.10000000000000001
0.0097379600000000004	-1	1	0.10000000000000001
7.8199999999999997e-06	-1	1	0.10000000000000001
-0.046568691617441878	-1	1	0.10000000000000001
0.0043675697394871824	-1	1	0.10000000000000001
-0.065495940577089296	-1	1	0.10000000000000001
-0.004504194459070493	-1	1	0.10000000000000001
1.5289678870050747	0	19	0	-1
-1
21
-0.073803800000000003	-1	1	0.10000000000000001
-0.21748818796833991	-1	1	0.10000000000000001
-0.074200895107555898	-1	1	0.10000000000000001
0.25087799999999999	-1	1	0.10000000000000001
-0.31306926317514638	-1	1	0.10000000000000001
0.03323760654152455	-1	1	0.10000000000000001
-0.24418989552443071	-1	1	0.10000000000000001
0.27538204535680461	-1	1	0.10000000000000001
0.027161931465707698	-1	1	0.10000000000000001
0.1190908043496836	-1	1	0.10000000000000001
-0.01236448921027679	-1	1	0.10000000000000001
-0.44930735556039492	-1	1	0.10000000000000001
-0.00054722868374024202	-1	1	0.10000000000000001
-0.16728743237355789	-1	1	0.10000000000000001
0.55409471703516178	-1	1	0.10000000000000001
0.0097379600000000004	-1	1	0.10000000000000001
0.071779705300774335	-1	1	0.10000000000000001
-0.046568691617441878	-1	1	0.10000000000000001
0.0043675697394871824	-1	1	0.10000000000000001
-0.065495940577089296	-1	1	0.10000000000000001
-0.049773391899728493	-1	1	0.10000000000000001
1.5992650422834809	0	20	0	-1
-1
21
-0.073803800000000003	-1	1	0.10000000000000001
-0.2782425229015687	-1	1	0.10000000000000001
-0.02944290800095338	-1	1	0.10000000000000001
0.25087799999999999	-1	1	0.10000000000000001
-0.29194589750926248	-1	1	0.10000000000000001
0.096796512980572763	-1	1	0.10000000000000001
-0.30212921446133512	-1	1	0.10000000000000001
0.27668170776720158	-1	1	0.10000000000000001
0.096041256571004374	-1	1	0.10000000000000001
0.065511605147856644	-1	1	0.10000000000000001
-0.022474999999999998	-1	1	0.10000000000000001
-0.45438102542186898	-1	1	0.10000000000000001
0.001329717340393649	-1	1	0.10000000000000001
-0.1473320842225502	-1	1	0.10000000000000001
0.59670050251549522	-1	1	0.10000000000000001
0.0049008639316857009	-1	1	0.10000000000000001
7.8199999999999997e-06	-1	1	0.10000000000000001
-0.051376260515192507	-1	1	0.10000000000000001
-0.00045490886247875699	-1	1	0.10000000000000001
-0.072053199999999998	-1	1	0.10000000000000001
-0.068791415447652812	-1	1	0.10000000000000001
2.0383344117016282	0	21	0	-1
-1
21
-0.073803800000000003	-1	1	0.10000000000000001
-0.21748818796833991	-1	1	0.10000000000000001
-0.1043166455765849	-1	1	0.10000000000000001
0.25087799999999999	-1	1	0.10000000000000001
-0.34106673487468869	-1	1	0.10000000000000001
0.03323760654152455	-1	1	0.10000000000000001
-0.24418989552443071	-1	1	0.10000000000000001
0.27538204535680461	-1	1	0.10000000000000001
0.06669324484677569	-1	1	0.10000000000000001
0.090395000000000003	-1	1	0.10000000000000001
-0.01236448921027679	-1	1	0.10000000000000001
-0.44930735556039492	-1	1	0.10000000000000001
-0.2136083997704149	-1	1	0.10000000000000001
-0.16728743237355789	-1	1	0.10000000000000001
0.59670050251549522	-1	1	0.10000000000000001
0.0097379600000000004	-1	1	0.10000000000000001
7.8199999999999997e-06	-1	1	0.10000000000000001
-0.046568691617441878	-1	1	0.10000000000000001
0.0043675697394871824	-1	1	0.10000000000000001
-0.065495940577089296	-1	1	0.10000000000000001
-0.02925431959200446	-1	1	0.10000000000000001
2.1053373536426014	0	22	0	-1
-1
21
-0.073803800000000003	-1	1	0.10000000000000001
-0.21748818796833991	-1	1	0.10000000000000001
-0.074200895107555898	-1	1	0.10000000000000001
0.25087799999999999	-1	1	0.10000000000000001
-0.28836423556126639	-1	1	0.10000000000000001
0.062008583327090021	-1	1	0.10000000000000001
-0.28132454046465438	-1	1	0.10000000000000001
0.27538204535680461	-1	1	0.10000000000000001
0.06669324484677569	-1	1	0.10000000000000001
0.1095755414083026	-1	1	0.10000000000000001
-0.01236448921027679	-1	1	0.10000000000000001
-0.44930735556039492	-1	1	0.10000000000000001
-0.00054722868374024202	-1	1	0.10000000000000001
-0.17007927965211339	-1	1	0.10000000000000001
0.59670050251549522	-1	1	0.10000000000000001
0.0097379600000000004	-1	1	0.10000000000000001
7.8199999999999997e-06	-1	1	0.10000000000000001
-0.042966988820535318	-1	1	0.10000000000000001
0.001384693379655727	-1	1	0.10000000000000001
-0.13175759892169681	-1	1	0.10000000000000001
-0.004504194459070493	-1	1	0.10000000000000001
2.4875690935376444	0	23	0	-1
-1
21
-0.073803800000000003	-1	1	0.10000000000000001
-0.220205652325593	-1	1	0.10000000000000001
-0.074200895107555898	-1	1	0.10000000000000001
0.25087799999999999	-1	1	0.10000000000000001
-0.2950671157432106	-1	1	0.10000000000000001
0.03323760654152455	-1	1	0.10000000000000001
-0.24418989552443071	-1	1	0.10000000000000001
0.27538204535680461	-1	1	0.10000000000000001
0.06669324484677569	-1	1	0.10000000000000001
0.090395000000000003	-1	1	0.10000000000000001
-0.01236448921027679	-1	1	0.10000000000000001
-0.50102523707210544	-1	1	0.10000000000000001
-0.00054722868374024202	-1	1	0.10000000000000001
-0.17007927965211339	-1	1	0.10000000000000001
0.59670050251549522	-1	1	0.10000000000000001
0.0097379600000000004	-1	1	0.10000000000000001
7.8199999999999997e-06	-1	1	0.10000000000000001
-0.046568691617441878	-1	1	0.10000000000000001
0.0043675697394871824	-1	1	0.10000000000000001
-0.17100803345975379	-1	1	0.10000000000000001
-0.004504194459070493	-1	1	0.10000000000000001
2.7901088945298111	0	24	0	-1
-1
21
-0.073803800000000003	-1	1	0.10000000000000001
-0.21748818796833991	-1	1	0.10000000000000001
-0.047480949763394627	-1	1	0.10000000000000001
0.25087799999999999	-1	1	0.10000000000000001
-0.2950671157432106	-1	1	0.10000000000000001
0.03323760654152455	-1	1	0.10000000000000001
-0.24418989552443071	-1	1	0.10000000000000001
0.27538204535680461	-1	1	0.10000000000000001
0.06669324484677569	-1	1	0.10000000000000001
0.090395000000000003	-1	1	0.10000000000000001
-0.01236448921027679	-1	1	0.10000000000000001
-0.44930735556039492	-1	1	0.10000000000000001
0.042847522458038127	-1	1	0.10000000000000001
-0.1592663226628937	-1	1	0.10000000000000001
0.59670050251549522	-1	1	0.10000000000000001
0.0097379600000000004	-1	1	0.10000000000000001
7.8199999999999997e-06	-1	1	0.10000000000000001
-0.20526155346837549	-1	1	0.10000000000000001
0.0043675697394871824	-1	1	0.10000000000000001
-0.065495940577089296	-1	1	0.10000000000000001
-0.004504194459070493	-1	1	0.10000000000000001
3.4613729215760767	0	25	0	-1
-1
21
-0.073803800000000003	-1	1	0.10000000000000001
-0.216330842654294	-1	1	0.10000000000000001
-0.068422765188513854	-1	1	0.10000000000000001
0.25087799999999999	-1	1	0.10000000000000001
-0.28574872600190743	-1	1	0.10000000000000001
0.03323760654152455	-1	1	0.10000000000000001
-0.29846581239481712	-1	1	0.10000000000000001
0.27538204535680461	-1	1	0.10000000000000001
0.06669324484677569	-1	1	0.10000000000000001
0.090395000000000003	-1	1	0.10000000000000001
-0.01236448921027679	-1	1	0.10000000000000001
-0.44930735556039492	-1	1	0.10000000000000001
-0.00054722868374024202	-1	1	0.10000000000000001
-0.13594322389178121	-1	1	0.10000000000000001
0.59670050251549522	-1	1	0.10000000000000001
0.0097379600000000004	-1	1	0.10000000000000001
7.8199999999999997e-06	-1	1	0.10000000000000001
-0.051376260515192507	-1	1	0.10000000000000001
0.001384693379655727	-1	1	0.10000000000000001
-0.065495940577089296	-1	1	0.10000000000000001
-0.004504194459070493	-1	1	0.10000000000000001
6.9066126341303198	0	26	0	-1
-1
21
-0.073803800000000003	-1	1	0.10000000000000001
-0.21748818796833991	-1	1	0.10000000000000001
-0.074200895107555898	-1	1	0.10000000000000001
0.25087799999999999	-1	1	0.10000000000000001
-0.2950671157432106	-1	1	0.10000000000000001
-0.10435922039739259	-1	1	0.10000000000000001
-0.24418989552443071	-1	1	0.10000000000000001
0.27538204535680461	-1	1	0.10000000000000001
0.06669324484677569	-1	1	0.10000000000000001
0.090395000000000003	-1	1	0.10000000000000001
-0.01236448921027679	-1	1	0.10000000000000001
-0.44930735556039492	-1	1	0.10000000000000001
-0.00054722868374024202	-1	1	0.10000000000000001
-0.1592663226628937	-1	1	0.10000000000000001
0.59670050251549522	-1	1	0.10000000000000001
0.0097379600000000004	-1	1	0.10000000000000001
7.8199999999999997e-06	-1	1	0.10000000000000001
-0.046568691617441878	-1	1	0.10000000000000001
0.0043675697394871824	-1	1	0.10000000000000001
-0.065495940577089296	-1	1	0.10000000000000001
-0.004504194459070493	-1	1	0.10000000000000001
11.912405593192211	0	27	0	-1
-1
21
-0.073803800000000003	-1	1	0.10000000000000001
-0.21748818796833991	-1	1	0.10000000000000001
-0.074200895107555898	-1	1	0.10000000000000001
0.25087799999999999	-1	1	0.10000000000000001
-0.28836423556126639	-1	1	0.10000000000000001
-0.015167142679934719	-1	1	0.10000000000000001
-0.19401815342119469	-1	1	0.10000000000000001
0.27538204535680461	-1	1	0.10000000000000001
0.06669324484677569	-1	1	0.10000000000000001
0.090395000000000003	-1	1	0.10000000000000001
-0.01236448921027679	-1	1	0.10000000000000001
-0.44930735556039492	-1	1	0.10000000000000001
-0.00054722868374024202	-1	1	0.10000000000000001
-0.15142137079063289	-1	1	0.10000000000000001
0.59670050251549522	-1	1	0.10000000000000001
0.0097379600000000004	-1	1	0.10000000000000001
7.8199999999999997e-06	-1	1	0.10000000000000001
-0.046568691617441878	-1	1	0.10000000000000001
0.001384693379655727	-1	1	0.10000000000000001
-0.065495940577089296	-1	1	0.10000000000000001
-0.004504194459070493	-1	1	0.10000000000000001
12.827888422513535	0	28	0	-1
-1
21
-0.073803800000000003	-1	1	0.10000000000000001
-0.21748818796833991	-1	1	0.10000000000000001
-0.074200895107555898	-1	1	0.10000000000000001
0.25087799999999999	-1	1	0.10000000000000001
-0.2950671157432106	-1	1	0.10000000000000001
0.03323760654152455	-1	1	0.10000000000000001
-0.2887413824214855	-1	1	0.10000000000000001
0.27538204535680461	-1	1	0.10000000000000001
0.06669324484677569	-1	1	0.10000000000000001
0.090395000000000003	-1	1	0.10000000000000001
-0.01236448921027679	-1	1	0.10000000000000001
-0.44930735556039492	-1	1	0.10000000000000001
-0.00054722868374024202	-1	1	0.10000000000000001
-0.13154947576957701	-1	1	0.10000000000000001
0.59670050251549522	-1	1	0.10000000000000001
0.0097379600000000004	-1	1	0.10000000000000001
7.8199999999999997e-06	-1	1	0.10000000000000001
-0.046568691617441878	-1	1	0.10000000000000001
0.0043675697394871824	-1	1	0.10000000000000001
-0.065495940577089296	-1	1	0.10000000000000001
-0.004504194459070493	-1	1	0.10000000000000001
13.494691585298577	0	29	0	-1
-1
21
-0.073803800000000003	-1	1	0.10000000000000001
-0.21748818796833991	-1	1	0.10000000000000001
-0.074200895107555898	-1	1	0.10000000000000001
0.25087799999999999	-1	1	0.10000000000000001
-0.2950671157432106	-1	1	0.10000000000000001
0.03323760654152455	-1	1	0.10000000000000001
-0.24418989552443071	-1	1	0.10000000000000001
0.27538204535680461	-1	1	0.10000000000000001
0.06669324484677569	-1	1	0.10000000000000001
0.090395000000000003	-1	1	0.10000000000000001
-0.01236448921027679	-1	1	0.10000000000000001
-0.44930735556039492	-1	1	0.10000000000000001
-0.00054722868374024202	-1	1	0.10000000000000001
-0.13154947576957701	-1	1	0.10000000000000001
0.59670050251549522	-1	1	0.10000000000000001
0.0097379600000000004	-1	1	0.10000000000000001
7.8199999999999997e-06	-1	1	0.10000000000000001
-0.046568691617441878	-1	1	0.10000000000000001
0.0043675697394871824	-1	1	0.10000000000000001
-0.065495940577089296	-1	1	0.10000000000000001
-0.004504194459070493	-1	1	0.10000000000000001
14.213165902314774	0	30	0	-1
-1
21
-0.073803800000000003	-1	1	0.10000000000000001
-0.2782425229015687	-1	1	0.10000000000000001
-0.02944290800095338	-1	1	0.10000000000000001
0.25087799999999999	-1	1	0.10000000000000001
-0.29194589750926248	-1	1	0.10000000000000001
0.096796512980572763	-1	1	0.10000000000000001
-0.30212921446133512	-1	1	0.10000000000000001
0.27668170776720158	-1	1	0.10000000000000001
0.096041256571004374	-1	1	0.10000000000000001
0.065511605147856644	-1	1	0.10000000000000001
-0.022474999999999998	-1	1	0.10000000000000001
-0.45438102542186898	-1	1	0.10000000000000001
0.001329717340393649	-1	1	0.10000000000000001
-0.1473320842225502	-1	1	0.10000000000000001
0.59670050251549522	-1	1	0.10000000000000001
0.0049008639316857009	-1	1	0.10000000000000001
7.8199999999999997e-06	-1	1	0.10000000000000001
-0.051376260515192507	-1	1	0.10000000000000001
-0.00045490886247875699	-1	1	0.10000000000000001
-0.072053199999999998	-1	1	0.10000000000000001
-0.004504194459070493	-1	1	0.10000000000000001
15.773296705085432	0	31	0	-1
-1
21
-0.073803800000000003	-1	1	0.10000000000000001
-0.21748818796833991	-1	1	0.10000000000000001
-0.074200895107555898	-1	1	0.10000000000000001
0.25087799999999999	-1	1	0.10000000000000001
-0.34106673487468869	-1	1	0.10000000000000001
0.03323760654152455	-1	1	0.10000000000000001
-0.24418989552443071	-1	1	0.10000000000000001
0.27538204535680461	-1	1	0.10000000000000001
0.06669324484677569	-1	1	0.10000000000000001
0.090395000000000003	-1	1	0.10000000000000001
-0.01236448921027679	-1	1	0.10000000000000001
-0.44930735556039492	-1	1	0.10000000000000001
-0.00054722868374024202	-1	1	0.10000000000000001
-0.16728743237355789	-1	1	0.10000000000000001
0.59670050251549522	-1	1	0.10000000000000001
0.0097379600000000004	-1	1	0.10000000000000001
7.8199999999999997e-06	-1	1	0.10000000000000001
-0.046568691617441878	-1	1	0.10000000000000001
0.0043675697394871824	-1	1	0.10000000000000001
-0.065495940577089296	-1	1	0.10000000000000001
-0.004504194459070493	-1	1	0.10000000000000001
15.775232002798214	0	32	0	-1
-1
21
-0.073803800000000003	-1	1	0.10000000000000001
-0.21748818796833991	-1	1	0.10000000000000001
-0.074200895107555898	-1	1	0.10000000000000001
0.25087799999999999	-1	1	0.10000000000000001
-0.33740862502339269	-1	1	0.10000000000000001
0.03323760654152455	-1	1	0.10000000000000001
-0.24418989552443071	-1	1	0.10000000000000001
0.27538204535680461	-1	1	0.10000000000000001
0.06669324484677569	-1	1	0.10000000000000001
0.090395000000000003	-1	1	0.10000000000000001
-0.01236448921027679	-1	1	0.10000000000000001
-0.44930735556039492	-1	1	0.10000000000000001
-0.00054722868374024202	-1	1	0.10000000000000001
-0.17007927965211339	-1	1	0.10000000000000001
0.59670050251549522	-1	1	0.10000000000000001
0.0097379600000000004	-1	1	0.10000000000000001
7.8199999999999997e-06	-1	1	0.10000000000000001
-0.046568691617441878	-1	1	0.10000000000000001
0.0043675697394871824	-1	1	0.10000000000000001
-0.065495940577089296	-1	1	0.10000000000000001
-0.004504194459070493	-1	1	0.10000000000000001
15.777315850450515	0	33	0	-1
-1
21
-0.073803800000000003	-1	1	0.10000000000000001
-0.21748818796833991	-1	1	0.10000000000000001
-0.074200895107555898	-1	1	0.10000000000000001
0.25087799999999999	-1	1	0.10000000000000001
-0.32955237618066358	-1	1	0.10000000000000001
0.03323760654152455	-1	1	0.10000000000000001
-0.24418989552443071	-1	1	0.10000000000000001
0.27538204535680461	-1	1	0.10000000000000001
0.06669324484677569	-1	1	0.10000000000000001
0.090395000000000003	-1	1	0.10000000000000001
-0.01236448921027679	-1	1	0.10000000000000001
-0.44930735556039492	-1	1	0.10000000000000001
-0.00054722868374024202	-1	1	0.10000000000000001
-0.17007927965211339	-1	1	0.10000000000000001
0.59670050251549522	-1	1	0.10000000000000001
0.0097379600000000004	-1	1	0.10000000000000001
7.8199999999999997e-06	-1	1	0.10000000000000001
-0.046568691617441878	-1	1	0.10000000000000001
0.0043675697394871824	-1	1	0.10000000000000001
-0.065495940577089296	-1	1	0.10000000000000001
-0.004504194459070493	-1	1	0.10000000000000001
15.782049266884705	0	34	0	-1
-1
21
-0.073803800000000003	-1	1	0.10000000000000001
-0.21748818796833991	-1	1	0.10000000000000001
-0.074200895107555898	-1	1	0.10000000000000001
0.25087799999999999	-1	1	0.10000000000000001
-0.28836423556126639	-1	1	0.10000000000000001
0.079772071927898633	-1	1	0.10000000000000001
-0.29179900555087351	-1	1	0.10000000000000001
0.27538204535680461	-1	1	0.10000000000000001
0.071594962500565781	-1	1	0.10000000000000001
0.090395000000000003	-1	1	0.10000000000000001
-0.01236448921027679	-1	1	0.10000000000000001
-0.44930735556039492	-1	1	0.10000000000000001
-0.00054722868374024202	-1	1	0.10000000000000001
-0.17007927965211339	-1	1	0.10000000000000001
0.59670050251549522	-1	1	0.10000000000000001
0.0097379600000000004	-1	1	0.10000000000000001
7.8199999999999997e-06	-1	1	0.10000000000000001
-0.046568691617441878	-1	1	0.10000000000000001
0.001384693379655727	-1	1	0.10000000000000001
-0.065495940577089296	-1	1	0.10000000000000001
-0.004504194459070493	-1	1	0.10000000000000001
15.786090172195498	0	35	0	-1
-1
21
-0.073803800000000003	-1	1	0.10000000000000001
-0.21748818796833991	-1	1	0.10000000000000001
-0.074200895107555898	-1	1	0.10000000000000001
0.25087799999999999	-1	1	0.10000000000000001
-0.2950671157432106	-1	1	0.10000000000000001
0.03323760654152455	-1	1	0.10000000000000001
-0.24418989552443071	-1	1	0.10000000000000001
0.27538204535680461	-1	1	0.10000000000000001
0.06669324484677569	-1	1	0.10000000000000001
0.090395000000000003	-1	1	0.10000000000000001
-0.01236448921027679	-1	1	0.10000000000000001
-0.44930735556039492	-1	1	0.10000000000000001
-0.00054722868374024202	-1	1	0.10000000000000001
-0.17007927965211339	-1	1	0.10000000000000001
0.59670050251549522	-1	1	0.10000000000000001
0.0097379600000000004	-1	1	0.10000000000000001
7.8199999999999997e-06	-1	1	0.10000000000000001
-0.046568691617441878	-1	1	0.10000000000000001
0.0043675697394871824	-1	1	0.10000000000000001
-0.065495940577089296	-1	1	0.10000000000000001
-0.004504194459070493	-1	1	0.10000000000000001
15.806234621096863	0	36	0	-1
-1
21
-0.073803800000000003	-1	1	0.10000000000000001
-0.21748818796833991	-1	1	0.10000000000000001
-0.074200895107555898	-1	1	0.10000000000000001
0.25087799999999999	-1	1	0.10000000000000001
-0.28836423556126639	-1	1	0.10000000000000001
0.062008583327090021	-1	1	0.10000000000000001
-0.24418989552443071	-1	1	0.10000000000000001
0.27538204535680461	-1	1	0.10000000000000001
0.06669324484677569	-1	1	0.10000000000000001
0.090395000000000003	-1	1	0.10000000000000001
-0.01236448921027679	-1	1	0.10000000000000001
-0.44930735556039492	-1	1	0.10000000000000001
-0.00054722868374024202	-1	1	0.10000000000000001
-0.17007927965211339	-1	1	0.10000000000000001
0.59670050251549522	-1	1	0.10000000000000001
0.0097379600000000004	-1	1	0.10000000000000001
7.8199999999999997e-06	-1	1	0.10000000000000001
-0.042966988820535318	-1	1	0.10000000000000001
0.001384693379655727	-1	1	0.10000000000000001
-0.065495940577089296	-1	1	0.10000000000000001
-0.004504194459070493	-1	1	0.10000000000000001
15.811657808040847	0	37	0	-1
-1
21
-0.073803800000000003	-1	1	0.10000000000000001
-0.21748818796833991	-1	1	0.10000000000000001
-0.074200895107555898	-1	1	0.10000000000000001
0.25087799999999999	-1	1	0.10000000000000001
-0.32955237618066358	-1	1	0.10000000000000001
0.03323760654152455	-1	1	0.10000000000000001
-0.222728200244978	-1	1	0.10000000000000001
0.27538204535680461	-1	1	0.10000000000000001
0.06669324484677569	-1	1	0.10000000000000001
0.090395000000000003	-1	1	0.10000000000000001
-0.01236448921027679	-1	1	0.10000000000000001
-0.44930735556039492	-1	1	0.10000000000000001
-0.00054722868374024202	-1	1	0.10000000000000001
-0.17007927965211339	-1	1	0.10000000000000001
0.59670050251549522	-1	1	0.10000000000000001
0.0097379600000000004	-1	1	0.10000000000000001
7.8199999999999997e-06	-1	1	0.10000000000000001
-0.046568691617441878	-1	1	0.10000000000000001
0.0043675697394871824	-1	1	0.10000000000000001
-0.065495940577089296	-1	1	0.10000000000000001
-0.004504194459070493	-1	1	0.10000000000000001
15.814811115945281	0	38	0	-1
-1
21
-0.073803800000000003	-1	1	0.10000000000000001
-0.21748818796833991	-1	1	0.10000000000000001
-0.074200895107555898	-1	1	0.10000000000000001
0.25087799999999999	-1	1	0.10000000000000001
-0.31306926317514638	-1	1	0.10000000000000001
0.03323760654152455	-1	1	0.10000000000000001
-0.24418989552443071	-1	1	0.10000000000000001
0.27538204535680461	-1	1	0.10000000000000001
0.06669324484677569	-1	1	0.10000000000000001
0.090395000000000003	-1	1	0.10000000000000001
-0.01236448921027679	-1	1	0.10000000000000001
-0.44930735556039492	-1	1	0.10000000000000001
-0.00054722868374024202	-1	1	0.10000000000000001
-0.16728743237355789	-1	1	0.10000000000000001
0.59670050251549522	-1	1	0.10000000000000001
0.0097379600000000004	-1	1	0.10000000000000001
7.8199999999999997e-06	-1	1	0.10000000000000001
-0.046568691617441878	-1	1	0.10000000000000001
0.0043675697394871824	-1	1	0.10000000000000001
-0.065495940577089296	-1	1	0.10000000000000001
-0.004504194459070493	-1	1	0.10000000000000001
15.821742955237166	0	39	0	-1
-1
21
-0.073803800000000003	-1	1	0.10000000000000001
-0.21748818796833991	-1	1	0.10000000000000001
-0.074200895107555898	-1	1	0.10000000000000001
0.25087799999999999	-1	1	0.10000000000000001
-0.2950671157432106	-1	1	0.10000000000000001
0.03323760654152455	-1	1	0.10000000000000001
-0.24418989552443071	-1	1	0.10000000000000001
0.27538204535680461	-1	1	0.10000000000000001
0.06669324484677569	-1	1	0.10000000000000001
0.090395000000000003	-1	1	0.10000000000000001
-0.01236448921027679	-1	1	0.10000000000000001
-0.44930735556039492	-1	1	0.10000000000000001
-0.00054722868374024202	-1	1	0.10000000000000001
-0.1592663226628937	-1	1	0.10000000000000001
0.59670050251549522	-1	1	0.10000000000000001
0.0097379600000000004	-1	1	0.10000000000000001
7.8199999999999997e-06	-1	1	0.10000000000000001
-0.046568691617441878	-1	1	0.10000000000000001
0.0043675697394871824	-1	1	0.10000000000000001
-0.065495940577089296	-1	1	0.10000000000000001
-0.004504194459070493	-1	1	0.10000000000000001
15.826180173490071	0	40	0	-1
-1
21
-0.073803800000000003	-1	1	0.10000000000000001
-0.216330842654294	-1	1	0.10000000000000001
-0.074200895107555898	-1	1	0.10000000000000001
0.25087799999999999	-1	1	0.10000000000000001
-0.30652949841329491	-1	1	0.10000000000000001
0.03323760654152455	-1	1	0.10000000000000001
-0.20604593174700159	-1	1	0.10000000000000001
0.27538204535680461	-1	1	0.10000000000000001
0.06669324484677569	-1	1	0.10000000000000001
0.090395000000000003	-1	1	0.10000000000000001
-0.01236448921027679	-1	1	0.10000000000000001
-0.44930735556039492	-1	1	0.10000000000000001
-0.00054722868374024202	-1	1	0.10000000000000001
-0.15482445118810639	-1	1	0.10000000000000001
0.59670050251549522	-1	1	0.10000000000000001
0.0097379600000000004	-1	1	0.10000000000000001
7.8199999999999997e-06	-1	1	0.10000000000000001
-0.051376260515192507	-1	1	0.10000000000000001
0.001384693379655727	-1	1	0.10000000000000001
-0.065495940577089296	-1	1	0.10000000000000001
-0.004504194459070493	-1	1	0.10000000000000001
15.957534090499772	0	41	0	-1
-1
21
-0.073803800000000003	-1	1	0.10000000000000001
-0.21748818796833991	-1	1	0.10000000000000001
-0.074200895107555898	-1	1	0.10000000000000001
0.25087799999999999	-1	1	0.10000000000000001
-0.28836423556126639	-1	1	0.10000000000000001
0.03323760654152455	-1	1	0.10000000000000001
-0.24418989552443071	-1	1	0.10000000000000001
0.27538204535680461	-1	1	0.10000000000000001
0.06669324484677569	-1	1	0.10000000000000001
0.090395000000000003	-1	1	0.10000000000000001
-0.01236448921027679	-1	1	0.10000000000000001
-0.44930735556039492	-1	1	0.10000000000000001
-0.00054722868374024202	-1	1	0.10000000000000001
-0.17007927965211339	-1	1	0.10000000000000001
0.59670050251549522	-1	1	0.10000000000000001
0.0097379600000000004	-1	1	0.10000000000000001
7.8199999999999997e-06	-1	1	0.10000000000000001
-0.042966988820535318	-1	1	0.10000000000000001
0.001384693379655727	-1	1	0.10000000000000001
-0.065495940577089296	-1	1	0.10000000000000001
-0.004504194459070493	-1	1	0.10000000000000001
16.067570636914933	0	42	0	-1
-1
21
-0.073803800000000003	-1	1	0.10000000000000001
-0.21748818796833991	-1	1	0.10000000000000001
-0.074200895107555898	-1	1	0.10000000000000001
0.25087799999999999	-1	1	0.10000000000000001
-0.28836423556126639	-1	1	0.10000000000000001
-0.01107830417596564	-1	1	0.10000000000000001
-0.24418989552443071	-1	1	0.10000000000000001
0.27538204535680461	-1	1	0.10000000000000001
0.06669324484677569	-1	1	0.10000000000000001
0.092612496374185824	-1	1	0.10000000000000001
-0.01236448921027679	-1	1	0.10000000000000001
-0.44930735556039492	-1	1	0.10000000000000001
-0.00054722868374024202	-1	1	0.10000000000000001
-0.13267326163112561	-1	1	0.10000000000000001
0.59670050251549522	-1	1	0.10000000000000001
0.0097379600000000004	-1	1	0.10000000000000001
7.8199999999999997e-06	-1	1	0.10000000000000001
-0.046568691617441878	-1	1	0.10000000000000001
0.001384693379655727	-1	1	0.10000000000000001
-0.065495940577089296	-1	1	0.10000000000000001
-0.004504194459070493	-1	1	0.10000000000000001
16.089798938223083	0	43	0	-1
-1
21
-0.073803800000000003	-1	1	0.10000000000000001
-0.216330842654294	-1	1	0.10000000000000001
-0.068422765188513854	-1	1	0.10000000000000001
0.25087799999999999	-1	1	0.10000000000000001
-0.28574872600190743	-1	1	0.10000000000000001
0.03323760654152455	-1	1	0.10000000000000001
-0.20604593174700159	-1	1	0.10000000000000001
0.27538204535680461	-1	1	0.10000000000000001
0.06669324484677569	-1	1	0.10000000000000001
0.090395000000000003	-1	1	0.10000000000000001
-0.01236448921027679	-1	1	0.10000000000000001
-0.44930735556039492	-1	1	0.10000000000000001
-0.00054722868374024202	-1	1	0.10000000000000001
-0.16070995196986121	-1	1	0.10000000000000001
0.59670050251549522	-1	1	0.10000000000000001
0.0097379600000000004	-1	1	0.10000000000000001
7.8199999999999997e-06	-1	1	0.10000000000000001
-0.051376260515192507	-1	1	0.10000000000000001
0.001384693379655727	-1	1	0.10000000000000001
-0.065495940577089296	-1	1	0.10000000000000001
-0.004504194459070493	-1	1	0.10000000000000001
16.137503305850718	0	44	0	-1
-1
21
-0.073803800000000003	-1	1	0.10000000000000001
-0.216330842654294	-1	1	0.10000000000000001
-0.068422765188513854	-1	1	0.10000000000000001
0.25087799999999999	-1	1	0.10000000000000001
-0.28574872600190743	-1	1	0.10000000000000001
0.03323760654152455	-1	1	0.10000000000000001
-0.20604593174700159	-1	1	0.10000000000000001
0.27538204535680461	-1	1	0.10000000000000001
0.06669324484677569	-1	1	0.10000000000000001
0.090395000000000003	-1	1	0.10000000000000001
-0.01236448921027679	-1	1	0.10000000000000001
-0.44930735556039492	-1	1	0.10000000000000001
-0.00054722868374024202	-1	1	0.10000000000000001
-0.13594322389178121	-1	1	0.10000000000000001
0.59670050251549522	-1	1	0.10000000000000001
0.0097379600000000004	-1	1	0.10000000000000001
7.8199999999999997e-06	-1	1	0.10000000000000001
-0.051376260515192507	-1	1	0.10000000000000001
0.001384693379655727	-1	1	0.10000000000000001
-0.065495940577089296	-1	1	0.10000000000000001
-0.004504194459070493	-1	1	0.10000000000000001
16.162107947036635	0	45	0	-1
-1
21
-0.073803800000000003	-1	1	0.10000000000000001
-0.216330842654294	-1	1	0.10000000000000001
-0.074200895107555898	-1	1	0.10000000000000001
0.25087799999999999	-1	1	0.10000000000000001
-0.28574872600190743	-1	1	0.10000000000000001
0.03323760654152455	-1	1	0.10000000000000001
-0.20604593174700159	-1	1	0.10000000000000001
0.27538204535680461	-1	1	0.10000000000000001
0.06669324484677569	-1	1	0.10000000000000001
0.090395000000000003	-1	1	0.10000000000000001
-0.01236448921027679	-1	1	0.10000000000000001
-0.44930735556039492	-1	1	0.10000000000000001
-0.00054722868374024202	-1	1	0.10000000000000001
-0.15482445118810639	-1	1	0.10000000000000001
0.59670050251549522	-1	1	0.10000000000000001
0.0097379600000000004	-1	1	0.10000000000000001
7.8199999999999997e-06	-1	1	0.10000000000000001
-0.051376260515192507	-1	1	0.10000000000000001
0.001384693379655727	-1	1	0.10000000000000001
-0.065495940577089296	-1	1	0.10000000000000001
-0.004504194459070493	-1	1	0.10000000000000001
16.1665184421622	0	46	0	-1
-1
21
-0.073803800000000003	-1	1	0.10000000000000001
-0.21748818796833991	-1	1	0.10000000000000001
-0.074200895107555898	-1	1	0.10000000000000001
0.25087799999999999	-1	1	0.10000000000000001
-0.28836423556126639	-1	1	0.10000000000000001
-0.026141934529323299	-1	1	0.10000000000000001
-0.19401815342119469	-1	1	0.10000000000000001
0.27538204535680461	-1	1	0.10000000000000001
0.06669324484677569	-1	1	0.10000000000000001
0.090395000000000003	-1	1	0.10000000000000001
-0.01236448921027679	-1	1	0.10000000000000001
-0.44930735556039492	-1	1	0.10000000000000001
-0.00054722868374024202	-1	1	0.10000000000000001
-0.15142137079063289	-1	1	0.10000000000000001
0.59670050251549522	-1	1	0.10000000000000001
0.0097379600000000004	-1	1	0.10000000000000001
7.8199999999999997e-06	-1	1	0.10000000000000001
-0.046568691617441878	-1	1	0.10000000000000001
0.001384693379655727	-1	1	0.10000000000000001
-0.065495940577089296	-1	1	0.10000000000000001
-0.004504194459070493	-1	1	0.10000000000000001
16.181115141467767	0	47	0	-1
-1
21
-0.073803800000000003	-1	1	0.10000000000000001
-0.21748818796833991	-1	1	0.10000000000000001
-0.074200895107555898	-1	1	0.10000000000000001
0.25087799999999999	-1	1	0.10000000000000001
-0.28836423556126639	-1	1	0.10000000000000001
-0.026141934529323299	-1	1	0.10000000000000001
-0.19401815342119469	-1	1	0.10000000000000001
0.27538204535680461	-1	1	0.10000000000000001
0.06669324484677569	-1	1	0.10000000000000001
0.090395000000000003	-1	1	0.10000000000000001
-0.01236448921027679	-1	1	0.10000000000000001
-0.44930735556039492	-1	1	0.10000000000000001
-0.00054722868374024202	-1	1	0.10000000000000001
-0.15142137079063289	-1	1	0.10000000000000001
0.59670050251549522	-1	1	0.10000000000000001
0.0097379600000000004	-1	1	0.10000000000000001
7.8199999999999997e-06	-1	1	0.10000000000000001
-0.046568691617441878	-1	1	0.10000000000000001
0.001384693379655727	-1	1	0.10000000000000001
-0.065495940577089296	-1	1	0.10000000000000001
-0.004504194459070493	-1	1	0.10000000000000001
16.181115141467767	0	48	0	-1
