49
-1
21
-0.073803800000000003	-1	1	0.10000000000000001
-0.13912006896036219	-1	1	0.10000000000000001
-0.074200895107555898	-1	1	0.10000000000000001
0.11251330272538061	-1	1	0.10000000000000001
-0.35901407875662877	-1	1	0.10000000000000001
0.03323760654152455	-1	1	0.10000000000000001
-0.31344223870071758	-1	1	0.10000000000000001
0.27538204535680461	-1	1	0.10000000000000001
0.06669324484677569	-1	1	0.10000000000000001
0.098480551656798906	-1	1	0.10000000000000001
-0.01236448921027679	-1	1	0.10000000000000001
-0.44663505594352565	-1	1	0.10000000000000001
-0.00054722868374024202	-1	1	0.10000000000000001
-0.17007927965211339	-1	1	0.10000000000000001
0.59670050251549522	-1	1	0.10000000000000001
-0.041051487235699548	-1	1	0.10000000000000001
-0.11401850181022895	-1	1	0.10000000000000001
-0.042966988820535318	-1	1	0.10000000000000001
0.001384693379655727	-1	1	0.10000000000000001
-0.065495940577089296	-1	1	0.10000000000000001
-0.023443691504116182	-1	1	0.10000000000000001
1.1056619069313915	98	2	-1	-1
-1
21
-0.073803800000000003	-1	1	0.10000000000000001
-0.23180876271611267	-1	1	0.10000000000000001
-0.16029715955773974	-1	1	0.10000000000000001
0.25087799999999999	-1	1	0.10000000000000001
-0.27879989687647022	-1	1	0.10000000000000001
0.010757712053900421	-1	1	0.10000000000000001
-0.18691416758252991	-1	1	0.10000000000000001
0.27502589313246306	-1	1	0.10000000000000001
0.074030247777832861	-1	1	0.10000000000000001
0.084174151286964163	-1	1	0.10000000000000001
-0.024294189279570708	-1	1	0.10000000000000001
-0.45057577302576346	-1	1	0.10000000000000001
-0.10613951196686194	-1	1	0.10000000000000001
-0.14498212099399346	-1	1	0.10000000000000001
0.59670050251549522	-1	1	0.10000000000000001
0.0086777064485710088	-1	1	0.10000000000000001
7.8199999999999997e-06	-1	1	0.10000000000000001
-0.10957048814484709	-1	1	0.10000000000000001
0.00092479281912210599	-1	1	0.10000000000000001
-0.067135255432816968	-1	1	0.10000000000000001
-0.004504194459070493	-1	1	0.10000000000000001
1.1672056568402869	98	24	-1	-1
-1
21
-0.073803800000000003	-1	1	0.10000000000000001
-0.24728668277793137	-1	1	0.10000000000000001
-0.048932836594733617	-1	1	0.10000000000000001
0.25087799999999999	-1	1	0.10000000000000001
-0.2924479266396881	-1	1	0.10000000000000001
-0.014092845007048898	-1	1	0.10000000000000001
-0.25408757310416835	-1	1	0.10000000000000001
0.27466974090812152	-1	1	0.10000000000000001
0.081367250708890032	-1	1	0.10000000000000001
0.077953302573928324	-1	1	0.10000000000000001
-0.017419744605138395	-1	1	0.10000000000000001
-0.45184419049113195	-1	1	0.10000000000000001
0.0099373201808793526	-1	1	0.10000000000000001
-0.15402101809620572	-1	1	0.10000000000000001
0.59670050251549522	-1	1	0.10000000000000001
0.0076174528971420172	-1	1	0.10000000000000001
0.033745121503018484	-1	1	0.10000000000000001
0.046076154920828567	-1	1	0.10000000000000001
0.000464892258588485	-1	1	0.10000000000000001
-0.06877457028854464	-1	1	0.10000000000000001
-0.0050976187644646903	-1	1	0.10000000000000001
1.2068656179025505	98	33	-1	-1
-1
21
-0.073803800000000003	-1	1	0.10000000000000001
-0.216330842654294	-1	1	0.10000000000000001
-0.068422765188513854	-1	1	0.10000000000000001
0.25087799999999999	-1	1	0.10000000000000001
-0.28574872600190743	-1	1	0.10000000000000001
8.9548205358617566e-05	-1	1	0.10000000000000001
-0.20604593174700159	-1	1	0.10000000000000001
0.27538204535680461	-1	1	0.10000000000000001
0.06669324484677569	-1	1	0.10000000000000001
0.090395000000000003	-1	1	0.10000000000000001
-0.01236448921027679	-1	1	0.10000000000000001
-0.44930735556039492	-1	1	0.10000000000000001
-0.00054722868374024202	-1	1	0.10000000000000001
-0.13594322389178121	-1	1	0.10000000000000001
0.59670050251549522	-1	1	0.10000000000000001
-0.082267307787136382	-1	1	0.10000000000000001
7.8199999999999997e-06	-1	1	0.10000000000000001
-0.051376260515192507	-1	1	0.10000000000000001
0.001384693379655727	-1	1	0.10000000000000001
-0.065495940577089296	-1	1	0.10000000000000001
-0.004504194459070493	-1	1	0.10000000000000001
1.2074180932213816	98	47	-1	-1
-1
21
-0.073803800000000003	-1	1	0.10000000000000001
-0.14887366783607658	-1	1	0.10000000000000001
-0.074200895107555898	-1	1	0.10000000000000001
0.25087799999999999	-1	1	0.10000000000000001
-0.27960680422347439	-1	1	0.10000000000000001
0.03323760654152455	-1	1	0.10000000000000001
-0.20604593174700159	-1	1	0.10000000000000001
0.27538204535680461	-1	1	0.10000000000000001
0.099197794859126984	-1	1	0.10000000000000001
0.090395000000000003	-1	1	0.10000000000000001
-0.11454038199431511	-1	1	0.10000000000000001
-0.44930735556039492	-1	1	0.10000000000000001
-0.00054722868374024202	-1	1	0.10000000000000001
-0.15420429883263512	-1	1	0.10000000000000001
0.59670050251549522	-1	1	0.10000000000000001
0.0097379600000000004	-1	1	0.10000000000000001
7.8199999999999997e-06	-1	1	0.10000000000000001
-0.051376260515192507	-1	1	0.10000000000000001
0.001384693379655727	-1	1	0.10000000000000001
-0.065495940577089296	-1	1	0.10000000000000001
0.0039332553714738101	-1	1	0.10000000000000001
1.221809333898437	98	32	-1	-1
-1
21
-0.12437798790528044	-1	1	0.10000000000000001
-0.21748818796833991	-1	1	0.10000000000000001
-0.074200895107555898	-1	1	0.10000000000000001
0.25087799999999999	-1	1	0.10000000000000001
-0.26494361153705942	-1	1	0.10000000000000001
-0.01107830417596564	-1	1	0.10000000000000001
-0.24418989552443071	-1	1	0.10000000000000001
0.33157582491850068	-1	1	0.10000000000000001
0.06669324484677569	-1	1	0.10000000000000001
0.092612496374185824	-1	1	0.10000000000000001
-0.01236448921027679	-1	1	0.10000000000000001
-0.59756910654697915	-1	1	0.10000000000000001
-0.00054722868374024202	-1	1	0.10000000000000001
-0.13267326163112561	-1	1	0.10000000000000001
0.59670050251549522	-1	1	0.10000000000000001
0.0097379600000000004	-1	1	0.10000000000000001
7.8199999999999997e-06	-1	1	0.10000000000000001
-0.046568691617441878	-1	1	0.10000000000000001
0.001384693379655727	-1	1	0.10000000000000001
-0.065495940577089296	-1	1	0.10000000000000001
-0.11294003968869258	-1	1	0.10000000000000001
1.2832488946194525	98	27	-1	-1
-1
21
-0.073803800000000003	-1	1	0.10000000000000001
-0.23180876271611267	-1	1	0.10000000000000001
-0.058677800891623735	-1	1	0.10000000000000001
0.25087799999999999	-1	1	0.10000000000000001
-0.27879989687647022	-1	1	0.10000000000000001
0.010757712053900421	-1	1	0.10000000000000001
-0.39776887831506441	-1	1	0.10000000000000001
0.27502589313246306	-1	1	0.10000000000000001
0.074030247777832861	-1	1	0.10000000000000001
0.084174151286964163	-1	1	0.10000000000000001
-0.014892116907707593	-1	1	0.10000000000000001
-0.40985879072978532	-1	1	0.10000000000000001
-7.7992177706769257e-05	-1	1	0.10000000000000001
-0.10032250923804925	-1	1	0.10000000000000001
0.59670050251549522	-1	1	0.10000000000000001
0.0086777064485710088	-1	1	0.10000000000000001
-0.090250030636314427	-1	1	0.10000000000000001
-0.051376260515192507	-1	1	0.10000000000000001
0.00092479281912210599	-1	1	0.10000000000000001
-0.067135255432816968	-1	1	0.10000000000000001
-0.004504194459070493	-1	1	0.10000000000000001
1.2869742744091472	98	4	-1	-1
-1
21
-0.10135771590413728	-1	1	0.10000000000000001
-0.023271642708624873	-1	1	0.10000000000000001
-0.048932836594733617	-1	1	0.10000000000000001
0.25087799999999999	-1	1	0.10000000000000001
-0.2924479266396881	-1	1	0.10000000000000001
0.022017808956084108	-1	1	0.10000000000000001
-0.25408757310416835	-1	1	0.10000000000000001
0.27466974090812152	-1	1	0.10000000000000001
0.081367250708890032	-1	1	0.10000000000000001
0.017007166785088415	-1	1	0.10000000000000001
0.15039832617485369	-1	1	0.10000000000000001
-0.45184419049113195	-1	1	0.10000000000000001
0.00039124432832670351	-1	1	0.10000000000000001
-0.15402101809620572	-1	1	0.10000000000000001
0.715660307696102	-1	1	0.10000000000000001
0.0076174528971420172	-1	1	0.10000000000000001
7.8199999999999997e-06	-1	1	0.10000000000000001
-0.051376260515192507	-1	1	0.10000000000000001
0.000464892258588485	-1	1	0.10000000000000001
-0.06877457028854464	-1	1	0.10000000000000001
-0.0050976187644646903	-1	1	0.10000000000000001
1.2902737627739482	98	30	-1	-1
-1
21
-0.073803800000000003	-1	1	0.10000000000000001
-0.33842494375452803	-1	1	0.10000000000000001
0.0170708105909196	-1	1	0.10000000000000001
0.25087799999999999	-1	1	0.10000000000000001
-0.28574872600190743	-1	1	0.10000000000000001
8.9548205358617566e-05	-1	1	0.10000000000000001
-0.20604593174700159	-1	1	0.10000000000000001
0.27538204535680461	-1	1	0.10000000000000001
0.06669324484677569	-1	1	0.10000000000000001
0.090395000000000003	-1	1	0.10000000000000001
-0.01236448921027679	-1	1	0.10000000000000001
-0.44930735556039492	-1	1	0.10000000000000001
0.20136628921435396	-1	1	0.10000000000000001
-0.13594322389178121	-1	1	0.10000000000000001
0.59670050251549522	-1	1	0.10000000000000001
0.0097379600000000004	-1	1	0.10000000000000001
-0.084927622908808162	-1	1	0.10000000000000001
-0.051376260515192507	-1	1	0.10000000000000001
0.001384693379655727	-1	1	0.10000000000000001
-0.065495940577089296	-1	1	0.10000000000000001
-0.10863299848232436	-1	1	0.10000000000000001
1.316451294409916	98	15	-1	-1
-1
21
-0.073803800000000003	-1	1	0.10000000000000001
-0.23180876271611267	-1	1	0.10000000000000001
-0.058677800891623735	-1	1	0.10000000000000001
0.25087799999999999	-1	1	0.10000000000000001
-0.27879989687647022	-1	1	0.10000000000000001
0.010757712053900421	-1	1	0.10000000000000001
-0.18691416758252991	-1	1	0.10000000000000001
0.27502589313246306	-1	1	0.10000000000000001
0.074030247777832861	-1	1	0.10000000000000001
0.084174151286964163	-1	1	0.10000000000000001
0.18835845646824756	-1	1	0.10000000000000001
-0.45057577302576346	-1	1	0.10000000000000001
-0.10613951196686194	-1	1	0.10000000000000001
-0.14498212099399346	-1	1	0.10000000000000001
0.59670050251549522	-1	1	0.10000000000000001
-0.10044000977159648	-1	1	0.10000000000000001
7.8199999999999997e-06	-1	1	0.10000000000000001
-0.10957048814484709	-1	1	0.10000000000000001
0.00092479281912210599	-1	1	0.10000000000000001
-0.067135255432816968	-1	1	0.10000000000000001
-0.004504194459070493	-1	1	0.10000000000000001
1.327941050976706	98	24	-1	-1
-1
21
-0.14670675594966981	-1	1	0.10000000000000001
-0.15852013842191151	-1	1	0.10000000000000001
-0.068422765188513854	-1	1	0.10000000000000001
0.25087799999999999	-1	1	0.10000000000000001
-0.1944264809771882	-1	1	0.10000000000000001
0.18770557483069664	-1	1	0.10000000000000001
-0.20604593174700159	-1	1	0.10000000000000001
0.27538204535680461	-1	1	0.10000000000000001
0.06669324484677569	-1	1	0.10000000000000001
0.090395000000000003	-1	1	0.10000000000000001
-0.01236448921027679	-1	1	0.10000000000000001
-0.44930735556039492	-1	1	0.10000000000000001
-0.00054722868374024202	-1	1	0.10000000000000001
-0.16070995196986121	-1	1	0.10000000000000001
0.59670050251549522	-1	1	0.10000000000000001
0.15013114489143706	-1	1	0.10000000000000001
7.8199999999999997e-06	-1	1	0.10000000000000001
0.0056994716923726074	-1	1	0.10000000000000001
0.001384693379655727	-1	1	0.10000000000000001
-0.065495940577089296	-1	1	0.10000000000000001
-0.004504194459070493	-1	1	0.10000000000000001
1.3289074877282192	98	38	-1	-1
-1
21
-0.073803800000000003	-1	1	0.10000000000000001
-0.19478243798598346	-1	1	0.10000000000000001
-0.068422765188513854	-1	1	0.10000000000000001
0.30168154439110045	-1	1	0.10000000000000001
-0.28574872600190743	-1	1	0.10000000000000001
0.03323760654152455	-1	1	0.10000000000000001
-0.20604593174700159	-1	1	0.10000000000000001
0.27538204535680461	-1	1	0.10000000000000001
0.06669324484677569	-1	1	0.10000000000000001
0.090395000000000003	-1	1	0.10000000000000001
-0.01236448921027679	-1	1	0.10000000000000001
-0.44930735556039492	-1	1	0.10000000000000001
-0.050304937995390417	-1	1	0.10000000000000001
-0.16070995196986121	-1	1	0.10000000000000001
0.59670050251549522	-1	1	0.10000000000000001
0.0097379600000000004	-1	1	0.10000000000000001
7.8199999999999997e-06	-1	1	0.10000000000000001
-0.051376260515192507	-1	1	0.10000000000000001
0.001384693379655727	-1	1	0.10000000000000001
-0.065495940577089296	-1	1	0.10000000000000001
0.035408951787014989	-1	1	0.10000000000000001
1.3432145116017786	98	38	-1	-1
-1
21
-0.073803800000000003	-1	1	0.10000000000000001
-0.21690951531131697	-1	1	0.10000000000000001
-0.074200895107555898	-1	1	0.10000000000000001
0.29304483436684864	-1	1	0.10000000000000001
-0.28398551989237042	-1	1	0.10000000000000001
0.011079651182779454	-1	1	0.10000000000000001
-0.22511791363571615	-1	1	0.10000000000000001
0.2574058228242726	-1	1	0.10000000000000001
0.06669324484677569	-1	1	0.10000000000000001
0.20604194799901829	-1	1	0.10000000000000001
-0.01236448921027679	-1	1	0.10000000000000001
-0.44930735556039492	-1	1	0.10000000000000001
-0.00054722868374024202	-1	1	0.10000000000000001
-0.26766482917629247	-1	1	0.10000000000000001
0.59682619052862629	-1	1	0.10000000000000001
-0.019821163058104024	-1	1	0.10000000000000001
7.8199999999999997e-06	-1	1	0.10000000000000001
-0.048972476066317189	-1	1	0.10000000000000001
0.029951141101982496	-1	1	0.10000000000000001
-0.32149082458407158	-1	1	0.10000000000000001
-0.004504194459070493	-1	1	0.10000000000000001
1.3681688257980846	98	5	98	25
-1
21
-0.14490388760375594	-1	1	0.10000000000000001
-0.216330842654294	-1	1	0.10000000000000001
-0.068422765188513854	-1	1	0.10000000000000001
0.25087799999999999	-1	1	0.10000000000000001
-0.28574872600190743	-1	1	0.10000000000000001
8.9548205358617566e-05	-1	1	0.10000000000000001
-0.20604593174700159	-1	1	0.10000000000000001
0.27538204535680461	-1	1	0.10000000000000001
0.06669324484677569	-1	1	0.10000000000000001
0.3513746470263811	-1	1	0.10000000000000001
-0.01236448921027679	-1	1	0.10000000000000001
-0.44930735556039492	-1	1	0.10000000000000001
-0.00054722868374024202	-1	1	0.10000000000000001
-0.13594322389178121	-1	1	0.10000000000000001
0.59670050251549522	-1	1	0.10000000000000001
0.0097379600000000004	-1	1	0.10000000000000001
7.8199999999999997e-06	-1	1	0.10000000000000001
-0.09171130619438711	-1	1	0.10000000000000001
0.001384693379655727	-1	1	0.10000000000000001
-0.065495940577089296	-1	1	0.10000000000000001
-0.004504194459070493	-1	1	0.10000000000000001
1.4065967114059805	98	48	-1	-1
-1
21
-0.073803800000000003	-1	1	0.10000000000000001
-0.24728668277793137	-1	1	0.10000000000000001
-0.048932836594733617	-1	1	0.10000000000000001
0.25087799999999999	-1	1	0.10000000000000001
-0.2924479266396881	-1	1	0.10000000000000001
-0.014092845007048898	-1	1	0.10000000000000001
-0.25408757310416835	-1	1	0.10000000000000001
0.27466974090812152	-1	1	0.10000000000000001
0.081367250708890032	-1	1	0.10000000000000001
-0.0037008526320113744	-1	1	0.10000000000000001
-0.017419744605138395	-1	1	0.10000000000000001
-0.45184419049113195	-1	1	0.10000000000000001
0.00039124432832670351	-1	1	0.10000000000000001
-0.15402101809620572	-1	1	0.10000000000000001
0.55712197926094231	-1	1	0.10000000000000001
0.0076174528971420172	-1	1	0.10000000000000001
7.8199999999999997e-06	-1	1	0.10000000000000001
-0.14204526260322703	-1	1	0.10000000000000001
0.000464892258588485	-1	1	0.10000000000000001
-0.06877457028854464	-1	1	0.10000000000000001
-0.0050976187644646903	-1	1	0.10000000000000001
1.4394437875149371	98	33	-1	-1
-1
21
-0.073803800000000003	-1	1	0.10000000000000001
-0.24728668277793137	-1	1	0.10000000000000001
-0.048932836594733617	-1	1	0.10000000000000001
0.25087799999999999	-1	1	0.10000000000000001
-0.2924479266396881	-1	1	0.10000000000000001
0.022017808956084108	-1	1	0.10000000000000001
-0.25408757310416835	-1	1	0.10000000000000001
0.27466974090812152	-1	1	0.10000000000000001
0.081367250708890032	-1	1	0.10000000000000001
0.077953302573928324	-1	1	0.10000000000000001
-0.017419744605138395	-1	1	0.10000000000000001
-0.45184419049113195	-1	1	0.10000000000000001
0.00039124432832670351	-1	1	0.10000000000000001
-0.15402101809620572	-1	1	0.10000000000000001
0.59670050251549522	-1	1	0.10000000000000001
0.0076174528971420172	-1	1	0.10000000000000001
0.083959158333321224	-1	1	0.10000000000000001
-0.051376260515192507	-1	1	0.10000000000000001
0.039551857270530823	-1	1	0.10000000000000001
-0.06877457028854464	-1	1	0.10000000000000001
0.015137491913970881	-1	1	0.10000000000000001
1.4491841428388073	98	31	-1	-1
-1
21
-0.073803800000000003	-1	1	0.10000000000000001
-0.216330842654294	-1	1	0.10000000000000001
-0.17513585496986375	-1	1	0.10000000000000001
0.32290773685202717	-1	1	0.10000000000000001
-0.28574872600190743	-1	1	0.10000000000000001
0.03323760654152455	-1	1	0.10000000000000001
-0.20604593174700159	-1	1	0.10000000000000001
0.27538204535680461	-1	1	0.10000000000000001
0.13462242616615949	-1	1	0.10000000000000001
0.090395000000000003	-1	1	0.10000000000000001
-0.01236448921027679	-1	1	0.10000000000000001
-0.43465381150255439	-1	1	0.10000000000000001
-0.00054722868374024202	-1	1	0.10000000000000001
-0.16070995196986121	-1	1	0.10000000000000001
0.59670050251549522	-1	1	0.10000000000000001
0.0097379600000000004	-1	1	0.10000000000000001
7.8199999999999997e-06	-1	1	0.10000000000000001
-0.051376260515192507	-1	1	0.10000000000000001
0.001384693379655727	-1	1	0.10000000000000001
-0.09611946706250242	-1	1	0.10000000000000001
-0.070521866890240301	-1	1	0.10000000000000001
1.4809202609670378	98	38	-1	-1
-1
21
-0.073803800000000003	-1	1	0.10000000000000001
-0.25999492200069846	-1	1	0.10000000000000001
0.12888137865741106	-1	1	0.10000000000000001
0.25087799999999999	-1	1	0.10000000000000001
-0.2924479266396881	-1	1	0.10000000000000001
-0.1185702643056122	-1	1	0.10000000000000001
-0.25408757310416835	-1	1	0.10000000000000001
0.27466974090812152	-1	1	0.10000000000000001
0.081367250708890032	-1	1	0.10000000000000001
0.077953302573928324	-1	1	0.10000000000000001
-0.017419744605138395	-1	1	0.10000000000000001
-0.45184419049113195	-1	1	0.10000000000000001
0.00039124432832670351	-1	1	0.10000000000000001
-0.15402101809620572	-1	1	0.10000000000000001
0.59670050251549522	-1	1	0.10000000000000001
0.0076174528971420172	-1	1	0.10000000000000001
7.8199999999999997e-06	-1	1	0.10000000000000001
-0.051376260515192507	-1	1	0.10000000000000001
0.000464892258588485	-1	1	0.10000000000000001
-0.023750450853524861	-1	1	0.10000000000000001
-0.0050976187644646903	-1	1	0.10000000000000001
1.4954117132992506	98	33	-1	-1
-1
21
-0.073803800000000003	-1	1	0.10000000000000001
-0.24728668277793137	-1	1	0.10000000000000001
-0.074990669101808557	-1	1	0.10000000000000001
0.18091476412832203	-1	1	0.10000000000000001
-0.27185106775103302	-1	1	0.10000000000000001
-0.014092845007048898	-1	1	0.10000000000000001
-0.25777756977489275	-1	1	0.10000000000000001
0.34946542983607931	-1	1	0.10000000000000001
0.081367250708890032	-1	1	0.10000000000000001
0.077953302573928324	-1	1	0.10000000000000001
-0.017419744605138395	-1	1	0.10000000000000001
-0.45184419049113195	-1	1	0.10000000000000001
-0.064649965586095579	-1	1	0.10000000000000001
-0.15402101809620572	-1	1	0.10000000000000001
0.59670050251549522	-1	1	0.10000000000000001
0.0076174528971420172	-1	1	0.10000000000000001
0.086032619083449863	-1	1	0.10000000000000001
-0.051376260515192507	-1	1	0.10000000000000001
0.019371344384139073	-1	1	0.10000000000000001
-0.06877457028854464	-1	1	0.10000000000000001
-0.0050976187644646903	-1	1	0.10000000000000001
1.537734823685255	98	26	-1	-1
-1
21
-0.073803800000000003	-1	1	0.10000000000000001
-0.216330842654294	-1	1	0.10000000000000001
-0.074200895107555898	-1	1	0.10000000000000001
0.25087799999999999	-1	1	0.10000000000000001
-0.26933592175981863	-1	1	0.10000000000000001
0.03323760654152455	-1	1	0.10000000000000001
-0.20604593174700159	-1	1	0.10000000000000001
0.27538204535680461	-1	1	0.10000000000000001
0.06669324484677569	-1	1	0.10000000000000001
0.090395000000000003	-1	1	0.10000000000000001
-0.01236448921027679	-1	1	0.10000000000000001
-0.44930735556039492	-1	1	0.10000000000000001
-0.00054722868374024202	-1	1	0.10000000000000001
-0.044797948984732099	-1	1	0.10000000000000001
0.59670050251549522	-1	1	0.10000000000000001
0.0097379600000000004	-1	1	0.10000000000000001
7.8199999999999997e-06	-1	1	0.10000000000000001
-0.051376260515192507	-1	1	0.10000000000000001
0.001384693379655727	-1	1	0.10000000000000001
-0.21261437696837446	-1	1	0.10000000000000001
-0.004504194459070493	-1	1	0.10000000000000001
1.5424024389246143	98	32	-1	-1
-1
21
-0.073803800000000003	-1	1	0.10000000000000001
-0.21748818796833991	-1	1	0.10000000000000001
-0.074200895107555898	-1	1	0.10000000000000001
0.25087799999999999	-1	1	0.10000000000000001
-0.28836423556126639	-1	1	0.10000000000000001
0.16959423714925145	-1	1	0.10000000000000001
-0.25097208754717354	-1	1	0.10000000000000001
0.27538204535680461	-1	1	0.10000000000000001
0.06669324484677569	-1	1	0.10000000000000001
0.092612496374185824	-1	1	0.10000000000000001
-0.01236448921027679	-1	1	0.10000000000000001
-0.44930735556039492	-1	1	0.10000000000000001
-0.00054722868374024202	-1	1	0.10000000000000001
-0.13267326163112561	-1	1	0.10000000000000001
0.83911483520162766	-1	1	0.10000000000000001
0.051886839377560855	-1	1	0.10000000000000001
7.8199999999999997e-06	-1	1	0.10000000000000001
-0.046568691617441878	-1	1	0.10000000000000001
0.001384693379655727	-1	1	0.10000000000000001
-0.13809604250212795	-1	1	0.10000000000000001
-0.004504194459070493	-1	1	0.10000000000000001
1.5673756395538996	98	14	-1	-1
-1
21
-0.073803800000000003	-1	1	0.10000000000000001
-0.21748818796833991	-1	1	0.10000000000000001
-0.067357318930029039	-1	1	0.10000000000000001
0.25087799999999999	-1	1	0.10000000000000001
-0.24289288203824763	-1	1	0.10000000000000001
-0.026141934529323299	-1	1	0.10000000000000001
-0.19401815342119469	-1	1	0.10000000000000001
0.27538204535680461	-1	1	0.10000000000000001
0.06669324484677569	-1	1	0.10000000000000001
0.067382575833516797	-1	1	0.10000000000000001
-0.01236448921027679	-1	1	0.10000000000000001
-0.44930735556039492	-1	1	0.10000000000000001
-0.00054722868374024202	-1	1	0.10000000000000001
-0.15142137079063289	-1	1	0.10000000000000001
0.59670050251549522	-1	1	0.10000000000000001
0.0097379600000000004	-1	1	0.10000000000000001
7.8199999999999997e-06	-1	1	0.10000000000000001
-0.046568691617441878	-1	1	0.10000000000000001
0.001384693379655727	-1	1	0.10000000000000001
-0.065495940577089296	-1	1	0.10000000000000001
-0.004504194459070493	-1	1	0.10000000000000001
2.1936237998159416	98	43	-1	-1
-1
21
-0.073803800000000003	-1	1	0.10000000000000001
-0.24728668277793137	-1	1	0.10000000000000001
-0.0032660946362401246	-1	1	0.10000000000000001
0.25087799999999999	-1	1	0.10000000000000001
-0.2924479266396881	-1	1	0.10000000000000001
0.022017808956084108	-1	1	0.10000000000000001
-0.25408757310416835	-1	1	0.10000000000000001
0.27466974090812152	-1	1	0.10000000000000001
0.081367250708890032	-1	1	0.10000000000000001
0.077953302573928324	-1	1	0.10000000000000001
-0.017419744605138395	-1	1	0.10000000000000001
-0.45184419049113195	-1	1	0.10000000000000001
0.00039124432832670351	-1	1	0.10000000000000001
-0.15402101809620572	-1	1	0.10000000000000001
0.63684195370880126	-1	1	0.10000000000000001
0.0076174528971420172	-1	1	0.10000000000000001
7.8199999999999997e-06	-1	1	0.10000000000000001
-0.094515290315741934	-1	1	0.10000000000000001
0.000464892258588485	-1	1	0.10000000000000001
-0.06877457028854464	-1	1	0.10000000000000001
-0.0050976187644646903	-1	1	0.10000000000000001
2.2195406154538579	98	30	-1	-1
-1
21
-0.073803800000000003	-1	1	0.10000000000000001
-0.216330842654294	-1	1	0.10000000000000001
-0.074200895107555898	-1	1	0.10000000000000001
0.25087799999999999	-1	1	0.10000000000000001
-0.52787583417429018	-1	1	0.10000000000000001
0.03323760654152455	-1	1	0.10000000000000001
-0.20604593174700159	-1	1	0.10000000000000001
0.27538204535680461	-1	1	0.10000000000000001
0.06669324484677569	-1	1	0.10000000000000001
0.090395000000000003	-1	1	0.10000000000000001
-0.01236448921027679	-1	1	0.10000000000000001
-0.44930735556039492	-1	1	0.10000000000000001
-0.00054722868374024202	-1	1	0.10000000000000001
-0.15482445118810639	-1	1	0.10000000000000001
0.59670050251549522	-1	1	0.10000000000000001
0.0097379600000000004	-1	1	0.10000000000000001
7.8199999999999997e-06	-1	1	0.10000000000000001
-0.051376260515192507	-1	1	0.10000000000000001
-0.051484121699429286	-1	1	0.10000000000000001
-0.14504193419595421	-1	1	0.10000000000000001
-0.004504194459070493	-1	1	0.10000000000000001
2.2490487248598146	98	32	-1	-1
-1
21
-0.073803800000000003	-1	1	0.10000000000000001
-0.23180876271611267	-1	1	0.10000000000000001
-0.058677800891623735	-1	1	0.10000000000000001
0.25087799999999999	-1	1	0.10000000000000001
-0.27879989687647022	-1	1	0.10000000000000001
0.010757712053900421	-1	1	0.10000000000000001
-0.18691416758252991	-1	1	0.10000000000000001
0.27502589313246306	-1	1	0.10000000000000001
0.074030247777832861	-1	1	0.10000000000000001
0.084174151286964163	-1	1	0.10000000000000001
-0.024294189279570708	-1	1	0.10000000000000001
-0.45057577302576346	-1	1	0.10000000000000001
-0.10613951196686194	-1	1	0.10000000000000001
-0.14498212099399346	-1	1	0.10000000000000001
0.59670050251549522	-1	1	0.10000000000000001
0.0086777064485710088	-1	1	0.10000000000000001
7.8199999999999997e-06	-1	1	0.10000000000000001
-0.10957048814484709	-1	1	0.10000000000000001
0.00092479281912210599	-1	1	0.10000000000000001
-0.067135255432816968	-1	1	0.10000000000000001
-0.004504194459070493	-1	1	0.10000000000000001
2.974402705369581	98	24	-1	-1
-1
21
-0.073803800000000003	-1	1	0.10000000000000001
-0.23180876271611267	-1	1	0.10000000000000001
-0.058677800891623735	-1	1	0.10000000000000001
0.25087799999999999	-1	1	0.10000000000000001
-0.27879989687647022	-1	1	0.10000000000000001
0.017016096891954338	-1	1	0.10000000000000001
-0.22157704998080049	-1	1	0.10000000000000001
0.27502589313246306	-1	1	0.10000000000000001
0.074030247777832861	-1	1	0.10000000000000001
0.084174151286964163	-1	1	0.10000000000000001
-0.024294189279570708	-1	1	0.10000000000000001
-0.45057577302576346	-1	1	0.10000000000000001
-0.10613951196686194	-1	1	0.10000000000000001
-0.14498212099399346	-1	1	0.10000000000000001
0.59670050251549522	-1	1	0.10000000000000001
0.0086777064485710088	-1	1	0.10000000000000001
7.8199999999999997e-06	-1	1	0.10000000000000001
-0.10957048814484709	-1	1	0.10000000000000001
0.00092479281912210599	-1	1	0.10000000000000001
-0.067135255432816968	-1	1	0.10000000000000001
-0.004504194459070493	-1	1	0.10000000000000001
2.9803379506540457	98	24	-1	-1
-1
21
-0.073803800000000003	-1	1	0.10000000000000001
-0.21748818796833991	-1	1	0.10000000000000001
-0.074200895107555898	-1	1	0.10000000000000001
0.25087799999999999	-1	1	0.10000000000000001
-0.29186861481256599	-1	1	0.10000000000000001
0.13008832481625163	-1	1	0.10000000000000001
-0.24418989552443071	-1	1	0.10000000000000001
0.27538204535680461	-1	1	0.10000000000000001
0.024611062506156692	-1	1	0.10000000000000001
0.11240827883259877	-1	1	0.10000000000000001
-0.01236448921027679	-1	1	0.10000000000000001
-0.48094801428445288	-1	1	0.10000000000000001
-0.00054722868374024202	-1	1	0.10000000000000001
-0.17007927965211339	-1	1	0.10000000000000001
0.59670050251549522	-1	1	0.10000000000000001
0.0097379600000000004	-1	1	0.10000000000000001
7.8199999999999997e-06	-1	1	0.10000000000000001
-0.042966988820535318	-1	1	0.10000000000000001
0.001384693379655727	-1	1	0.10000000000000001
-0.065495940577089296	-1	1	0.10000000000000001
-0.004504194459070493	-1	1	0.10000000000000001
3.0174994973697533	98	34	-1	-1
-1
21
-0.073803800000000003	-1	1	0.10000000000000001
-0.24728668277793137	-1	1	0.10000000000000001
0.096311545495896794	-1	1	0.10000000000000001
0.25087799999999999	-1	1	0.10000000000000001
-0.27185106775103302	-1	1	0.10000000000000001
-0.014092845007048898	-1	1	0.10000000000000001
-0.21656269266481523	-1	1	0.10000000000000001
0.27466974090812152	-1	1	0.10000000000000001
0.081367250708890032	-1	1	0.10000000000000001
0.077953302573928324	-1	1	0.10000000000000001
-0.017419744605138395	-1	1	0.10000000000000001
-0.45184419049113195	-1	1	0.10000000000000001
0.00039124432832670351	-1	1	0.10000000000000001
-0.15402101809620572	-1	1	0.10000000000000001
0.59670050251549522	-1	1	0.10000000000000001
0.0076174528971420172	-1	1	0.10000000000000001
7.8199999999999997e-06	-1	1	0.10000000000000001
-0.15388823842924543	-1	1	0.10000000000000001
0.000464892258588485	-1	1	0.10000000000000001
-0.06877457028854464	-1	1	0.10000000000000001
-0.0050976187644646903	-1	1	0.10000000000000001
3.7334092061784214	98	35	-1	-1
-1
21
-0.073803800000000003	-1	1	0.10000000000000001
-0.21748818796833991	-1	1	0.10000000000000001
-0.074200895107555898	-1	1	0.10000000000000001
0.25087799999999999	-1	1	0.10000000000000001
-0.28836423556126639	-1	1	0.10000000000000001
-0.01107830417596564	-1	1	0.10000000000000001
-0.27938590719837519	-1	1	0.10000000000000001
0.27538204535680461	-1	1	0.10000000000000001
0.06669324484677569	-1	1	0.10000000000000001
0.092612496374185824	-1	1	0.10000000000000001
-0.01236448921027679	-1	1	0.10000000000000001
-0.44930735556039492	-1	1	0.10000000000000001
-0.00054722868374024202	-1	1	0.10000000000000001
-0.13267326163112561	-1	1	0.10000000000000001
0.59670050251549522	-1	1	0.10000000000000001
0.0097379600000000004	-1	1	0.10000000000000001
7.8199999999999997e-06	-1	1	0.10000000000000001
-0.046568691617441878	-1	1	0.10000000000000001
0.001384693379655727	-1	1	0.10000000000000001
-0.065495940577089296	-1	1	0.10000000000000001
-0.004504194459070493	-1	1	0.10000000000000001
16.067161507581783	98	36	-1	-1
-1
21
-0.073803800000000003	-1	1	0.10000000000000001
-0.21748818796833991	-1	1	0.10000000000000001
-0.074200895107555898	-1	1	0.10000000000000001
0.25087799999999999	-1	1	0.10000000000000001
-0.28836423556126639	-1	1	0.10000000000000001
-0.01107830417596564	-1	1	0.10000000000000001
-0.24418989552443071	-1	1	0.10000000000000001
0.27538204535680461	-1	1	0.10000000000000001
0.06669324484677569	-1	1	0.10000000000000001
0.092612496374185824	-1	1	0.10000000000000001
-0.01236448921027679	-1	1	0.10000000000000001
-0.44930735556039492	-1	1	0.10000000000000001
-0.00054722868374024202	-1	1	0.10000000000000001
-0.13267326163112561	-1	1	0.10000000000000001
0.59670050251549522	-1	1	0.10000000000000001
0.0097379600000000004	-1	1	0.10000000000000001
7.8199999999999997e-06	-1	1	0.10000000000000001
-0.046568691617441878	-1	1	0.10000000000000001
0.001384693379655727	-1	1	0.10000000000000001
-0.065495940577089296	-1	1	0.10000000000000001
-0.004504194459070493	-1	1	0.10000000000000001
16.089798938223083	0	43	0	-1
-1
21
-0.073803800000000003	-1	1	0.10000000000000001
-0.24728668277793137	-1	1	0.10000000000000001
-0.048932836594733617	-1	1	0.10000000000000001
0.25087799999999999	-1	1	0.10000000000000001
-0.27185106775103302	-1	1	0.10000000000000001
-0.014092845007048898	-1	1	0.10000000000000001
-0.25408757310416835	-1	1	0.10000000000000001
0.27466974090812152	-1	1	0.10000000000000001
0.081367250708890032	-1	1	0.10000000000000001
0.077953302573928324	-1	1	0.10000000000000001
-0.017419744605138395	-1	1	0.10000000000000001
-0.45184419049113195	-1	1	0.10000000000000001
0.00039124432832670351	-1	1	0.10000000000000001
-0.15402101809620572	-1	1	0.10000000000000001
0.59670050251549522	-1	1	0.10000000000000001
0.0076174528971420172	-1	1	0.10000000000000001
7.8199999999999997e-06	-1	1	0.10000000000000001
-0.051376260515192507	-1	1	0.10000000000000001
0.000464892258588485	-1	1	0.10000000000000001
-0.06877457028854464	-1	1	0.10000000000000001
-0.0050976187644646903	-1	1	0.10000000000000001
16.091937136623308	71	35	-1	-1
-1
21
-0.073803800000000003	-1	1	0.10000000000000001
-0.216330842654294	-1	1	0.10000000000000001
-0.068422765188513854	-1	1	0.10000000000000001
0.25087799999999999	-1	1	0.10000000000000001
-0.28574872600190743	-1	1	0.10000000000000001
0.041950331086414043	-1	1	0.10000000000000001
-0.21046900029616494	-1	1	0.10000000000000001
0.27538204535680461	-1	1	0.10000000000000001
0.06669324484677569	-1	1	0.10000000000000001
0.090395000000000003	-1	1	0.10000000000000001
-0.01236448921027679	-1	1	0.10000000000000001
-0.44930735556039492	-1	1	0.10000000000000001
-0.00054722868374024202	-1	1	0.10000000000000001
-0.16070995196986121	-1	1	0.10000000000000001
0.59670050251549522	-1	1	0.10000000000000001
0.0097379600000000004	-1	1	0.10000000000000001
7.8199999999999997e-06	-1	1	0.10000000000000001
-0.051376260515192507	-1	1	0.10000000000000001
0.001384693379655727	-1	1	0.10000000000000001
-0.065495940577089296	-1	1	0.10000000000000001
-0.004504194459070493	-1	1	0.10000000000000001
16.092184146560609	96	42	-1	-1
-1
21
-0.073803800000000003	-1	1	0.10000000000000001
-0.24728668277793137	-1	1	0.10000000000000001
-0.048932836594733617	-1	1	0.10000000000000001
0.25087799999999999	-1	1	0.10000000000000001
-0.2924479266396881	-1	1	0.10000000000000001
0.022017808956084108	-1	1	0.10000000000000001
-0.25408757310416835	-1	1	0.10000000000000001
0.27466974090812152	-1	1	0.10000000000000001
0.081367250708890032	-1	1	0.10000000000000001
0.077953302573928324	-1	1	0.10000000000000001
-0.017419744605138395	-1	1	0.10000000000000001
-0.45184419049113195	-1	1	0.10000000000000001
0.00039124432832670351	-1	1	0.10000000000000001
-0.15402101809620572	-1	1	0.10000000000000001
0.59670050251549522	-1	1	0.10000000000000001
0.0076174528971420172	-1	1	0.10000000000000001
7.8199999999999997e-06	-1	1	0.10000000000000001
-0.051376260515192507	-1	1	0.10000000000000001
0.000464892258588485	-1	1	0.10000000000000001
-0.06877457028854464	-1	1	0.10000000000000001
-0.0050976187644646903	-1	1	0.10000000000000001
16.095262915238585	96	34	-1	-1
-1
21
-0.073803800000000003	-1	1	0.10000000000000001
-0.216330842654294	-1	1	0.10000000000000001
-0.074200895107555898	-1	1	0.10000000000000001
0.25087799999999999	-1	1	0.10000000000000001
-0.27960680422347439	-1	1	0.10000000000000001
0.03323760654152455	-1	1	0.10000000000000001
-0.20604593174700159	-1	1	0.10000000000000001
0.27538204535680461	-1	1	0.10000000000000001
0.06669324484677569	-1	1	0.10000000000000001
0.090395000000000003	-1	1	0.10000000000000001
-0.01236448921027679	-1	1	0.10000000000000001
-0.44930735556039492	-1	1	0.10000000000000001
-0.00054722868374024202	-1	1	0.10000000000000001
-0.15482445118810639	-1	1	0.10000000000000001
0.59670050251549522	-1	1	0.10000000000000001
0.0097379600000000004	-1	1	0.10000000000000001
7.8199999999999997e-06	-1	1	0.10000000000000001
-0.051376260515192507	-1	1	0.10000000000000001
0.001384693379655727	-1	1	0.10000000000000001
-0.065495940577089296	-1	1	0.10000000000000001
-0.004504194459070493	-1	1	0.10000000000000001
16.100634548167488	66	41	-1	-1
-1
21
-0.073803800000000003	-1	1	0.10000000000000001
-0.24728668277793137	-1	1	0.10000000000000001
-0.048932836594733617	-1	1	0.10000000000000001
0.25087799999999999	-1	1	0.10000000000000001
-0.2924479266396881	-1	1	0.10000000000000001
-0.014092845007048898	-1	1	0.10000000000000001
-0.25408757310416835	-1	1	0.10000000000000001
0.27466974090812152	-1	1	0.10000000000000001
0.081367250708890032	-1	1	0.10000000000000001
0.077953302573928324	-1	1	0.10000000000000001
-0.017419744605138395	-1	1	0.10000000000000001
-0.45184419049113195	-1	1	0.10000000000000001
0.00039124432832670351	-1	1	0.10000000000000001
-0.15402101809620572	-1	1	0.10000000000000001
0.59670050251549522	-1	1	0.10000000000000001
0.0076174528971420172	-1	1	0.10000000000000001
7.8199999999999997e-06	-1	1	0.10000000000000001
-0.051376260515192507	-1	1	0.10000000000000001
0.000464892258588485	-1	1	0.10000000000000001
-0.06877457028854464	-1	1	0.10000000000000001
-0.0050976187644646903	-1	1	0.10000000000000001
16.107245051272816	86	31	-1	-1
-1
21
-0.073803800000000003	-1	1	0.10000000000000001
-0.21748818796833991	-1	1	0.10000000000000001
-0.074200895107555898	-1	1	0.10000000000000001
0.25087799999999999	-1	1	0.10000000000000001
-0.29186861481256599	-1	1	0.10000000000000001
0.03323760654152455	-1	1	0.10000000000000001
-0.24418989552443071	-1	1	0.10000000000000001
0.27538204535680461	-1	1	0.10000000000000001
0.06669324484677569	-1	1	0.10000000000000001
0.090395000000000003	-1	1	0.10000000000000001
-0.01236448921027679	-1	1	0.10000000000000001
-0.44930735556039492	-1	1	0.10000000000000001
-0.00054722868374024202	-1	1	0.10000000000000001
-0.17007927965211339	-1	1	0.10000000000000001
0.59670050251549522	-1	1	0.10000000000000001
0.0097379600000000004	-1	1	0.10000000000000001
7.8199999999999997e-06	-1	1	0.10000000000000001
-0.042966988820535318	-1	1	0.10000000000000001
0.001384693379655727	-1	1	0.10000000000000001
-0.065495940577089296	-1	1	0.10000000000000001
-0.004504194459070493	-1	1	0.10000000000000001
16.11913342393817	83	29	-1	-1
-1
21
-0.073803800000000003	-1	1	0.10000000000000001
-0.24728668277793137	-1	1	0.10000000000000001
-0.048932836594733617	-1	1	0.10000000000000001
0.25087799999999999	-1	1	0.10000000000000001
-0.27185106775103302	-1	1	0.10000000000000001
-0.014092845007048898	-1	1	0.10000000000000001
-0.21656269266481523	-1	1	0.10000000000000001
0.27466974090812152	-1	1	0.10000000000000001
0.081367250708890032	-1	1	0.10000000000000001
0.077953302573928324	-1	1	0.10000000000000001
-0.017419744605138395	-1	1	0.10000000000000001
-0.45184419049113195	-1	1	0.10000000000000001
0.00039124432832670351	-1	1	0.10000000000000001
-0.15402101809620572	-1	1	0.10000000000000001
0.59670050251549522	-1	1	0.10000000000000001
0.0076174528971420172	-1	1	0.10000000000000001
7.8199999999999997e-06	-1	1	0.10000000000000001
-0.051376260515192507	-1	1	0.10000000000000001
0.000464892258588485	-1	1	0.10000000000000001
-0.06877457028854464	-1	1	0.10000000000000001
-0.0050976187644646903	-1	1	0.10000000000000001
16.126823458852503	79	36	-1	-1
-1
21
-0.073803800000000003	-1	1	0.10000000000000001
-0.21748818796833991	-1	1	0.10000000000000001
-0.074200895107555898	-1	1	0.10000000000000001
0.25087799999999999	-1	1	0.10000000000000001
-0.28836423556126639	-1	1	0.10000000000000001
-0.01107830417596564	-1	1	0.10000000000000001
-0.25097208754717354	-1	1	0.10000000000000001
0.27538204535680461	-1	1	0.10000000000000001
0.06669324484677569	-1	1	0.10000000000000001
0.092612496374185824	-1	1	0.10000000000000001
-0.01236448921027679	-1	1	0.10000000000000001
-0.44930735556039492	-1	1	0.10000000000000001
-0.00054722868374024202	-1	1	0.10000000000000001
-0.13267326163112561	-1	1	0.10000000000000001
0.59670050251549522	-1	1	0.10000000000000001
0.0097379600000000004	-1	1	0.10000000000000001
7.8199999999999997e-06	-1	1	0.10000000000000001
-0.046568691617441878	-1	1	0.10000000000000001
0.001384693379655727	-1	1	0.10000000000000001
-0.065495940577089296	-1	1	0.10000000000000001
-0.004504194459070493	-1	1	0.10000000000000001
16.127252520376654	83	33	-1	-1
-1
21
-0.073803800000000003	-1	1	0.10000000000000001
-0.21748818796833991	-1	1	0.10000000000000001
-0.074200895107555898	-1	1	0.10000000000000001
0.25087799999999999	-1	1	0.10000000000000001
-0.28836423556126639	-1	1	0.10000000000000001
0.03323760654152455	-1	1	0.10000000000000001
-0.27304760918155074	-1	1	0.10000000000000001
0.27538204535680461	-1	1	0.10000000000000001
0.06669324484677569	-1	1	0.10000000000000001
0.090395000000000003	-1	1	0.10000000000000001
-0.01236448921027679	-1	1	0.10000000000000001
-0.44930735556039492	-1	1	0.10000000000000001
-0.00054722868374024202	-1	1	0.10000000000000001
-0.17007927965211339	-1	1	0.10000000000000001
0.59670050251549522	-1	1	0.10000000000000001
0.0097379600000000004	-1	1	0.10000000000000001
7.8199999999999997e-06	-1	1	0.10000000000000001
-0.042966988820535318	-1	1	0.10000000000000001
0.001384693379655727	-1	1	0.10000000000000001
-0.065495940577089296	-1	1	0.10000000000000001
-0.004504194459070493	-1	1	0.10000000000000001
16.133282726071883	67	35	-1	-1
-1
21
-0.073803800000000003	-1	1	0.10000000000000001
-0.216330842654294	-1	1	0.10000000000000001
-0.068422765188513854	-1	1	0.10000000000000001
0.25087799999999999	-1	1	0.10000000000000001
-0.28574872600190743	-1	1	0.10000000000000001
0.03323760654152455	-1	1	0.10000000000000001
-0.20604593174700159	-1	1	0.10000000000000001
0.27538204535680461	-1	1	0.10000000000000001
0.06669324484677569	-1	1	0.10000000000000001
0.090395000000000003	-1	1	0.10000000000000001
-0.01236448921027679	-1	1	0.10000000000000001
-0.44930735556039492	-1	1	0.10000000000000001
-0.00054722868374024202	-1	1	0.10000000000000001
-0.16070995196986121	-1	1	0.10000000000000001
0.59670050251549522	-1	1	0.10000000000000001
0.0097379600000000004	-1	1	0.10000000000000001
7.8199999999999997e-06	-1	1	0.10000000000000001
-0.051376260515192507	-1	1	0.10000000000000001
0.001384693379655727	-1	1	0.10000000000000001
-0.065495940577089296	-1	1	0.10000000000000001
-0.004504194459070493	-1	1	0.10000000000000001
16.137503305850718	0	44	0	-1
-1
21
-0.073803800000000003	-1	1	0.10000000000000001
-0.216330842654294	-1	1	0.10000000000000001
-0.068422765188513854	-1	1	0.10000000000000001
0.25087799999999999	-1	1	0.10000000000000001
-0.28574872600190743	-1	1	0.10000000000000001
0.03323760654152455	-1	1	0.10000000000000001
-0.20604593174700159	-1	1	0.10000000000000001
0.27538204535680461	-1	1	0.10000000000000001
0.06669324484677569	-1	1	0.10000000000000001
0.090395000000000003	-1	1	0.10000000000000001
-0.01236448921027679	-1	1	0.10000000000000001
-0.44930735556039492	-1	1	0.10000000000000001
-0.00054722868374024202	-1	1	0.10000000000000001
-0.13594322389178121	-1	1	0.10000000000000001
0.59670050251549522	-1	1	0.10000000000000001
0.0097379600000000004	-1	1	0.10000000000000001
7.8199999999999997e-06	-1	1	0.10000000000000001
-0.051376260515192507	-1	1	0.10000000000000001
0.001384693379655727	-1	1	0.10000000000000001
-0.065495940577089296	-1	1	0.10000000000000001
-0.004504194459070493	-1	1	0.10000000000000001
16.162107947036635	6	46	-1	-1
-1
21
-0.073803800000000003	-1	1	0.10000000000000001
-0.216330842654294	-1	1	0.10000000000000001
-0.074200895107555898	-1	1	0.10000000000000001
0.25087799999999999	-1	1	0.10000000000000001
-0.28574872600190743	-1	1	0.10000000000000001
0.03323760654152455	-1	1	0.10000000000000001
-0.20604593174700159	-1	1	0.10000000000000001
0.27538204535680461	-1	1	0.10000000000000001
0.06669324484677569	-1	1	0.10000000000000001
0.090395000000000003	-1	1	0.10000000000000001
-0.01236448921027679	-1	1	0.10000000000000001
-0.44930735556039492	-1	1	0.10000000000000001
-0.00054722868374024202	-1	1	0.10000000000000001
-0.15482445118810639	-1	1	0.10000000000000001
0.59670050251549522	-1	1	0.10000000000000001
0.0097379600000000004	-1	1	0.10000000000000001
7.8199999999999997e-06	-1	1	0.10000000000000001
-0.051376260515192507	-1	1	0.10000000000000001
0.001384693379655727	-1	1	0.10000000000000001
-0.065495940577089296	-1	1	0.10000000000000001
-0.004504194459070493	-1	1	0.10000000000000001
16.1665184421622	24	47	-1	-1
-1
21
-0.073803800000000003	-1	1	0.10000000000000001
-0.216330842654294	-1	1	0.10000000000000001
-0.068422765188513854	-1	1	0.10000000000000001
0.25087799999999999	-1	1	0.10000000000000001
-0.28574872600190743	-1	1	0.10000000000000001
0.03323760654152455	-1	1	0.10000000000000001
-0.21046900029616494	-1	1	0.10000000000000001
0.27538204535680461	-1	1	0.10000000000000001
0.06669324484677569	-1	1	0.10000000000000001
0.090395000000000003	-1	1	0.10000000000000001
-0.01236448921027679	-1	1	0.10000000000000001
-0.44930735556039492	-1	1	0.10000000000000001
-0.00054722868374024202	-1	1	0.10000000000000001
-0.16070995196986121	-1	1	0.10000000000000001
0.59670050251549522	-1	1	0.10000000000000001
0.0097379600000000004	-1	1	0.10000000000000001
7.8199999999999997e-06	-1	1	0.10000000000000001
-0.051376260515192507	-1	1	0.10000000000000001
0.001384693379655727	-1	1	0.10000000000000001
-0.065495940577089296	-1	1	0.10000000000000001
-0.004504194459070493	-1	1	0.10000000000000001
16.178064587852603	66	45	-1	-1
-1
21
-0.073803800000000003	-1	1	0.10000000000000001
-0.24728668277793137	-1	1	0.10000000000000001
-0.048932836594733617	-1	1	0.10000000000000001
0.25087799999999999	-1	1	0.10000000000000001
-0.27185106775103302	-1	1	0.10000000000000001
-0.014092845007048898	-1	1	0.10000000000000001
-0.20810747702183166	-1	1	0.10000000000000001
0.27466974090812152	-1	1	0.10000000000000001
0.081367250708890032	-1	1	0.10000000000000001
0.077953302573928324	-1	1	0.10000000000000001
-0.017419744605138395	-1	1	0.10000000000000001
-0.45184419049113195	-1	1	0.10000000000000001
0.00039124432832670351	-1	1	0.10000000000000001
-0.15402101809620572	-1	1	0.10000000000000001
0.59670050251549522	-1	1	0.10000000000000001
0.0076174528971420172	-1	1	0.10000000000000001
7.8199999999999997e-06	-1	1	0.10000000000000001
-0.051376260515192507	-1	1	0.10000000000000001
0.000464892258588485	-1	1	0.10000000000000001
-0.06877457028854464	-1	1	0.10000000000000001
-0.0050976187644646903	-1	1	0.10000000000000001
16.178975007225979	97	29	-1	-1
-1
21
-0.073803800000000003	-1	1	0.10000000000000001
-0.21748818796833991	-1	1	0.10000000000000001
-0.074200895107555898	-1	1	0.10000000000000001
0.25087799999999999	-1	1	0.10000000000000001
-0.28836423556126639	-1	1	0.10000000000000001
-0.026141934529323299	-1	1	0.10000000000000001
-0.19401815342119469	-1	1	0.10000000000000001
0.27538204535680461	-1	1	0.10000000000000001
0.06669324484677569	-1	1	0.10000000000000001
0.090395000000000003	-1	1	0.10000000000000001
-0.01236448921027679	-1	1	0.10000000000000001
-0.44930735556039492	-1	1	0.10000000000000001
-0.00054722868374024202	-1	1	0.10000000000000001
-0.15142137079063289	-1	1	0.10000000000000001
0.59670050251549522	-1	1	0.10000000000000001
0.0097379600000000004	-1	1	0.10000000000000001
7.8199999999999997e-06	-1	1	0.10000000000000001
-0.046568691617441878	-1	1	0.10000000000000001
0.001384693379655727	-1	1	0.10000000000000001
-0.065495940577089296	-1	1	0.10000000000000001
-0.004504194459070493	-1	1	0.10000000000000001
16.181115141467767	0	48	0	-1
-1
21
-0.073803800000000003	-1	1	0.10000000000000001
-0.23180876271611267	-1	1	0.10000000000000001
-0.058677800891623735	-1	1	0.10000000000000001
0.25087799999999999	-1	1	0.10000000000000001
-0.27879989687647022	-1	1	0.10000000000000001
0.010757712053900421	-1	1	0.10000000000000001
-0.26930781198587161	-1	1	0.10000000000000001
0.27502589313246306	-1	1	0.10000000000000001
0.074030247777832861	-1	1	0.10000000000000001
0.084174151286964163	-1	1	0.10000000000000001
-0.014892116907707593	-1	1	0.10000000000000001
-0.45057577302576346	-1	1	0.10000000000000001
-7.7992177706769257e-05	-1	1	0.10000000000000001
-0.14498212099399346	-1	1	0.10000000000000001
0.59670050251549522	-1	1	0.10000000000000001
0.0086777064485710088	-1	1	0.10000000000000001
7.8199999999999997e-06	-1	1	0.10000000000000001
-0.051376260515192507	-1	1	0.10000000000000001
0.00092479281912210599	-1	1	0.10000000000000001
-0.067135255432816968	-1	1	0.10000000000000001
-0.004504194459070493	-1	1	0.10000000000000001
16.182772734816119	67	48	67	33
-1
21
-0.073803800000000003	-1	1	0.10000000000000001
-0.21748818796833991	-1	1	0.10000000000000001
-0.074200895107555898	-1	1	0.10000000000000001
0.25087799999999999	-1	1	0.10000000000000001
-0.28836423556126639	-1	1	0.10000000000000001
-0.026141934529323299	-1	1	0.10000000000000001
-0.19401815342119469	-1	1	0.10000000000000001
0.27538204535680461	-1	1	0.10000000000000001
0.06669324484677569	-1	1	0.10000000000000001
0.090176316960110678	-1	1	0.10000000000000001
-0.01236448921027679	-1	1	0.10000000000000001
-0.44930735556039492	-1	1	0.10000000000000001
-0.00054722868374024202	-1	1	0.10000000000000001
-0.15142137079063289	-1	1	0.10000000000000001
0.59670050251549522	-1	1	0.10000000000000001
0.0097379600000000004	-1	1	0.10000000000000001
7.8199999999999997e-06	-1	1	0.10000000000000001
-0.046568691617441878	-1	1	0.10000000000000001
0.001384693379655727	-1	1	0.10000000000000001
-0.065495940577089296	-1	1	0.10000000000000001
-0.004504194459070493	-1	1	0.10000000000000001
16.193500590948595	50	48	50	47
-1
21
-0.073803800000000003	-1	1	0.10000000000000001
-0.216330842654294	-1	1	0.10000000000000001
-0.071311830148034883	-1	1	0.10000000000000001
0.25087799999999999	-1	1	0.10000000000000001
-0.28267776511269094	-1	1	0.10000000000000001
0.03323760654152455	-1	1	0.10000000000000001
-0.20604593174700159	-1	1	0.10000000000000001
0.27538204535680461	-1	1	0.10000000000000001
0.06669324484677569	-1	1	0.10000000000000001
0.090395000000000003	-1	1	0.10000000000000001
-0.01236448921027679	-1	1	0.10000000000000001
-0.44930735556039492	-1	1	0.10000000000000001
-0.00054722868374024202	-1	1	0.10000000000000001
-0.1453838375399438	-1	1	0.10000000000000001
0.59670050251549522	-1	1	0.10000000000000001
0.0097379600000000004	-1	1	0.10000000000000001
7.8199999999999997e-06	-1	1	0.10000000000000001
-0.051376260515192507	-1	1	0.10000000000000001
0.001384693379655727	-1	1	0.10000000000000001
-0.065495940577089296	-1	1	0.10000000000000001
-0.004504194459070493	-1	1	0.10000000000000001
16.194578177960313	82	38	82	42
-1
21
-0.073803800000000003	-1	1	0.10000000000000001
-0.216330842654294	-1	1	0.10000000000000001
-0.068422765188513854	-1	1	0.10000000000000001
0.25087799999999999	-1	1	0.10000000000000001
-0.28574872600190743	-1	1	0.10000000000000001
8.9548205358617566e-05	-1	1	0.10000000000000001
-0.20604593174700159	-1	1	0.10000000000000001
0.27538204535680461	-1	1	0.10000000000000001
0.06669324484677569	-1	1	0.10000000000000001
0.090395000000000003	-1	1	0.10000000000000001
-0.01236448921027679	-1	1	0.10000000000000001
-0.44930735556039492	-1	1	0.10000000000000001
-0.00054722868374024202	-1	1	0.10000000000000001
-0.13594322389178121	-1	1	0.10000000000000001
0.59670050251549522	-1	1	0.10000000000000001
0.0097379600000000004	-1	1	0.10000000000000001
7.8199999999999997e-06	-1	1	0.10000000000000001
-0.051376260515192507	-1	1	0.10000000000000001
0.001384693379655727	-1	1	0.10000000000000001
-0.065495940577089296	-1	1	0.10000000000000001
-0.004504194459070493	-1	1	0.10000000000000001
16.254294396737006	65	43	-1	-1
